0 0.556640625 0.955078125 0.04 0.04
0 0.208984375 0.8828125 0.04 0.04
0 0.46484375 0.84375 0.04 0.04
0 0.701171875 0.8203125 0.04 0.04
0 0.2890625 0.791015625 0.04 0.04
0 0.595703125 0.732421875 0.04 0.04
0 0.84375 0.6796875 0.04 0.04
0 0.724609375 0.634765625 0.04 0.04
0 0.216796875 0.60546875 0.04 0.04
0 0.68359375 0.52734375 0.04 0.04
0 0.06640625 0.44921875 0.04 0.04
0 0.552734375 0.419921875 0.04 0.04
0 0.7265625 0.380859375 0.04 0.04
0 0.322265625 0.306640625 0.04 0.04
0 0.212890625 0.29296875 0.04 0.04
0 0.5625 0.19921875 0.04 0.04
