0 0.611328125 0.998046875 0.04 0.04
0 0.2265625 0.9140625 0.04 0.04
0 0.154296875 0.90234375 0.04 0.04
0 0.23046875 0.859375 0.04 0.04
0 0.48046875 0.849609375 0.04 0.04
0 0.400390625 0.841796875 0.04 0.04
0 0.30078125 0.767578125 0.04 0.04
0 0.5234375 0.748046875 0.04 0.04
0 0.1171875 0.73828125 0.04 0.04
0 0.36328125 0.736328125 0.04 0.04
0 0.419921875 0.73046875 0.04 0.04
0 0.2734375 0.7109375 0.04 0.04
0 0.5546875 0.6796875 0.04 0.04
0 0.283203125 0.677734375 0.04 0.04
0 0.119140625 0.6328125 0.04 0.04
0 0.302734375 0.58203125 0.04 0.04
0 0.263671875 0.54296875 0.04 0.04
0 0.328125 0.529296875 0.04 0.04
0 0.28515625 0.501953125 0.04 0.04
0 0.373046875 0.466796875 0.04 0.04
0 0.4765625 0.458984375 0.04 0.04
0 0.328125 0.4453125 0.04 0.04
0 0.388671875 0.42578125 0.04 0.04
