0 0.771484375 0.9765625 0.04 0.04
0 0.859375 0.97265625 0.04 0.04
0 0.984375 0.9375 0.04 0.04
0 0.673828125 0.89453125 0.04 0.04
0 0.8359375 0.861328125 0.04 0.04
0 0.55859375 0.837890625 0.04 0.04
0 0.72265625 0.830078125 0.04 0.04
0 0.876953125 0.80078125 0.04 0.04
0 0.779296875 0.771484375 0.04 0.04
0 0.87109375 0.75390625 0.04 0.04
0 0.8828125 0.72265625 0.04 0.04
0 0.814453125 0.703125 0.04 0.04
0 0.828125 0.6875 0.04 0.04
0 0.900390625 0.681640625 0.04 0.04
0 0.583984375 0.62890625 0.04 0.04
0 0.662109375 0.61328125 0.04 0.04
0 0.48828125 0.59375 0.04 0.04
0 0.943359375 0.353515625 0.04 0.04
0 0.759765625 0.306640625 0.04 0.04
0 0.6328125 0.216796875 0.04 0.04
0 0.486328125 0.173828125 0.04 0.04
0 0.30859375 0.08203125 0.04 0.04
