0 0.078125 0.998046875 0.04 0.04
0 0.294921875 0.974609375 0.04 0.04
0 0.2421875 0.92578125 0.04 0.04
0 0.21875 0.904296875 0.04 0.04
0 0.1953125 0.890625 0.04 0.04
0 0.177734375 0.876953125 0.04 0.04
0 0.154296875 0.857421875 0.04 0.04
0 0.119140625 0.83203125 0.04 0.04
0 0.091796875 0.802734375 0.04 0.04
0 0.234375 0.7421875 0.04 0.04
0 0.28515625 0.708984375 0.04 0.04
0 0.029296875 0.689453125 0.04 0.04
0 0.1484375 0.6796875 0.04 0.04
0 0.201171875 0.6484375 0.04 0.04
0 0.037109375 0.576171875 0.04 0.04
0 0.11328125 0.568359375 0.04 0.04
0 0.208984375 0.564453125 0.04 0.04
0 0.158203125 0.560546875 0.04 0.04
0 0.255859375 0.556640625 0.04 0.04
0 0.26171875 0.3125 0.04 0.04
0 0.400390625 0.244140625 0.04 0.04
0 0.505859375 0.169921875 0.04 0.04
0 0.56640625 0.150390625 0.04 0.04
0 0.05078125 0.10546875 0.04 0.04
0 0.224609375 0.0 0.04 0.04
