0 0.224609375 0.998046875 0.04 0.04
0 0.48046875 0.884765625 0.04 0.04
0 0.509765625 0.7265625 0.04 0.04
0 0.408203125 0.70703125 0.04 0.04
0 0.185546875 0.658203125 0.04 0.04
0 0.478515625 0.572265625 0.04 0.04
0 0.546875 0.462890625 0.04 0.04
0 0.068359375 0.333984375 0.04 0.04
0 0.158203125 0.291015625 0.04 0.04
0 0.703125 0.11328125 0.04 0.04
0 0.625 0.09375 0.04 0.04
0 0.322265625 0.064453125 0.04 0.04
0 0.5 0.060546875 0.04 0.04
0 0.04296875 0.044921875 0.04 0.04
0 0.388671875 0.041015625 0.04 0.04
0 0.70703125 0.005859375 0.04 0.04
