0 0.7109375 0.984375 0.04 0.04
0 0.095703125 0.94140625 0.04 0.04
0 0.263671875 0.927734375 0.04 0.04
0 0.169921875 0.921875 0.04 0.04
0 0.158203125 0.775390625 0.04 0.04
0 0.505859375 0.619140625 0.04 0.04
0 0.611328125 0.595703125 0.04 0.04
0 0.361328125 0.560546875 0.04 0.04
0 0.611328125 0.509765625 0.04 0.04
0 0.408203125 0.494140625 0.04 0.04
0 0.482421875 0.48046875 0.04 0.04
0 0.0234375 0.474609375 0.04 0.04
0 0.203125 0.455078125 0.04 0.04
0 0.140625 0.361328125 0.04 0.04
0 0.51953125 0.2734375 0.04 0.04
0 0.2734375 0.2734375 0.04 0.04
0 0.27734375 0.25 0.04 0.04
0 0.421875 0.19140625 0.04 0.04
0 0.505859375 0.158203125 0.04 0.04
