0 0.37890625 0.966796875 0.04 0.04
0 0.3828125 0.8984375 0.04 0.04
0 0.75 0.564453125 0.04 0.04
0 0.5390625 0.501953125 0.04 0.04
0 0.392578125 0.392578125 0.04 0.04
0 0.951171875 0.3125 0.04 0.04
0 0.998046875 0.23828125 0.04 0.04
0 0.232421875 0.23046875 0.04 0.04
0 0.85546875 0.166015625 0.04 0.04
0 0.65234375 0.1640625 0.04 0.04
0 0.62890625 0.162109375 0.04 0.04
0 0.453125 0.12890625 0.04 0.04
0 0.205078125 0.099609375 0.04 0.04
0 0.3671875 0.09765625 0.04 0.04
0 0.591796875 0.095703125 0.04 0.04
