0 0.537109375 0.9296875 0.04 0.04
0 0.953125 0.845703125 0.04 0.04
0 0.2421875 0.78125 0.04 0.04
0 0.751953125 0.701171875 0.04 0.04
0 0.724609375 0.60546875 0.04 0.04
0 0.908203125 0.560546875 0.04 0.04
0 0.70703125 0.525390625 0.04 0.04
0 0.271484375 0.42578125 0.04 0.04
0 0.744140625 0.400390625 0.04 0.04
0 0.578125 0.33984375 0.04 0.04
0 0.716796875 0.337890625 0.04 0.04
0 0.5546875 0.236328125 0.04 0.04
0 0.16796875 0.234375 0.04 0.04
0 0.482421875 0.177734375 0.04 0.04
0 0.55078125 0.125 0.04 0.04
0 0.689453125 0.08203125 0.04 0.04
0 0.81640625 0.052734375 0.04 0.04
0 0.408203125 0.046875 0.04 0.04
0 0.734375 0.01953125 0.04 0.04
