0 0.099609375 0.998046875 0.04 0.04
0 0.5546875 0.861328125 0.04 0.04
0 0.61328125 0.857421875 0.04 0.04
0 0.111328125 0.796875 0.04 0.04
0 0.556640625 0.73828125 0.04 0.04
0 0.955078125 0.662109375 0.04 0.04
0 0.345703125 0.630859375 0.04 0.04
0 0.728515625 0.591796875 0.04 0.04
0 0.8125 0.490234375 0.04 0.04
0 0.4921875 0.44921875 0.04 0.04
0 0.25390625 0.4375 0.04 0.04
0 0.984375 0.41015625 0.04 0.04
0 0.328125 0.396484375 0.04 0.04
0 0.0 0.388671875 0.04 0.04
0 0.220703125 0.28515625 0.04 0.04
0 0.16796875 0.236328125 0.04 0.04
0 0.595703125 0.11328125 0.04 0.04
0 0.087890625 0.017578125 0.04 0.04
