0 0.013671875 0.703125 0.04 0.04
0 0.41796875 0.67578125 0.04 0.04
0 0.30859375 0.634765625 0.04 0.04
0 0.72265625 0.53515625 0.04 0.04
0 0.244140625 0.533203125 0.04 0.04
0 0.7578125 0.431640625 0.04 0.04
0 0.845703125 0.427734375 0.04 0.04
0 0.71875 0.38671875 0.04 0.04
0 0.255859375 0.376953125 0.04 0.04
0 0.0 0.36328125 0.04 0.04
0 0.0234375 0.2890625 0.04 0.04
0 0.765625 0.275390625 0.04 0.04
0 0.2578125 0.267578125 0.04 0.04
0 0.625 0.259765625 0.04 0.04
0 0.43359375 0.2578125 0.04 0.04
0 0.65625 0.17578125 0.04 0.04
0 0.0 0.056640625 0.04 0.04
