0 0.958984375 0.8515625 0.04 0.04
0 0.611328125 0.8515625 0.04 0.04
0 0.283203125 0.83203125 0.04 0.04
0 0.806640625 0.8203125 0.04 0.04
0 0.740234375 0.787109375 0.04 0.04
0 0.1953125 0.712890625 0.04 0.04
0 0.724609375 0.7109375 0.04 0.04
0 0.4453125 0.654296875 0.04 0.04
0 0.6171875 0.5859375 0.04 0.04
0 0.595703125 0.578125 0.04 0.04
0 0.609375 0.57421875 0.04 0.04
0 0.54296875 0.560546875 0.04 0.04
0 0.517578125 0.357421875 0.04 0.04
0 0.4453125 0.3515625 0.04 0.04
0 0.2421875 0.33203125 0.04 0.04
0 0.978515625 0.11328125 0.04 0.04
0 0.521484375 0.107421875 0.04 0.04
0 0.646484375 0.064453125 0.04 0.04
