0 0.3984375 0.96484375 0.04 0.04
0 0.591796875 0.935546875 0.04 0.04
0 0.703125 0.908203125 0.04 0.04
0 0.9296875 0.873046875 0.04 0.04
0 0.771484375 0.822265625 0.04 0.04
0 0.3046875 0.81640625 0.04 0.04
0 0.427734375 0.8125 0.04 0.04
0 0.529296875 0.802734375 0.04 0.04
0 0.6328125 0.76171875 0.04 0.04
0 0.806640625 0.7265625 0.04 0.04
0 0.14453125 0.685546875 0.04 0.04
0 0.244140625 0.650390625 0.04 0.04
0 0.025390625 0.056640625 0.04 0.04
0 0.21484375 0.04296875 0.04 0.04
0 0.810546875 0.02734375 0.04 0.04
0 0.099609375 0.0 0.04 0.04
