0 0.484375 0.861328125 0.04 0.04
0 0.333984375 0.818359375 0.04 0.04
0 0.337890625 0.763671875 0.04 0.04
0 0.185546875 0.6796875 0.04 0.04
0 0.345703125 0.66015625 0.04 0.04
0 0.240234375 0.595703125 0.04 0.04
0 0.34375 0.58984375 0.04 0.04
0 0.4375 0.548828125 0.04 0.04
0 0.298828125 0.50390625 0.04 0.04
0 0.453125 0.4765625 0.04 0.04
0 0.16796875 0.455078125 0.04 0.04
0 0.587890625 0.44140625 0.04 0.04
0 0.490234375 0.40625 0.04 0.04
0 0.51171875 0.375 0.04 0.04
0 0.2265625 0.255859375 0.04 0.04
0 0.068359375 0.220703125 0.04 0.04
