0 0.84375 0.94140625 0.04 0.04
0 0.3359375 0.931640625 0.04 0.04
0 0.646484375 0.86328125 0.04 0.04
0 0.294921875 0.861328125 0.04 0.04
0 0.990234375 0.857421875 0.04 0.04
0 0.888671875 0.83984375 0.04 0.04
0 0.455078125 0.728515625 0.04 0.04
0 0.3046875 0.619140625 0.04 0.04
0 0.15625 0.6171875 0.04 0.04
0 0.33984375 0.458984375 0.04 0.04
0 0.916015625 0.349609375 0.04 0.04
0 0.599609375 0.345703125 0.04 0.04
0 0.404296875 0.3046875 0.04 0.04
0 0.53515625 0.1953125 0.04 0.04
0 0.330078125 0.181640625 0.04 0.04
0 0.916015625 0.142578125 0.04 0.04
0 0.849609375 0.015625 0.04 0.04
