0 0.46484375 0.998046875 0.04 0.04
0 0.298828125 0.98046875 0.04 0.04
0 0.091796875 0.94921875 0.04 0.04
0 0.37890625 0.9375 0.04 0.04
0 0.193359375 0.93359375 0.04 0.04
0 0.294921875 0.927734375 0.04 0.04
0 0.0 0.88671875 0.04 0.04
0 0.044921875 0.880859375 0.04 0.04
0 0.076171875 0.861328125 0.04 0.04
0 0.103515625 0.78515625 0.04 0.04
0 0.09375 0.521484375 0.04 0.04
0 0.74609375 0.505859375 0.04 0.04
0 0.201171875 0.388671875 0.04 0.04
0 0.1328125 0.376953125 0.04 0.04
0 0.271484375 0.31640625 0.04 0.04
0 0.212890625 0.30859375 0.04 0.04
0 0.16796875 0.115234375 0.04 0.04
0 0.72265625 0.107421875 0.04 0.04
0 0.37890625 0.009765625 0.04 0.04
