0 0.60546875 0.931640625 0.04 0.04
0 0.6640625 0.89453125 0.04 0.04
0 0.296875 0.892578125 0.04 0.04
0 0.201171875 0.873046875 0.04 0.04
0 0.982421875 0.85546875 0.04 0.04
0 0.953125 0.828125 0.04 0.04
0 0.939453125 0.791015625 0.04 0.04
0 0.4296875 0.75 0.04 0.04
0 0.609375 0.71875 0.04 0.04
0 0.529296875 0.630859375 0.04 0.04
0 0.5703125 0.51953125 0.04 0.04
0 0.458984375 0.513671875 0.04 0.04
0 0.697265625 0.474609375 0.04 0.04
0 0.857421875 0.34375 0.04 0.04
0 0.361328125 0.302734375 0.04 0.04
0 0.60546875 0.248046875 0.04 0.04
0 0.908203125 0.240234375 0.04 0.04
0 0.400390625 0.115234375 0.04 0.04
0 0.6796875 0.056640625 0.04 0.04
0 0.166015625 0.025390625 0.04 0.04
