0 0.166015625 0.990234375 0.04 0.04
0 0.70703125 0.919921875 0.04 0.04
0 0.361328125 0.900390625 0.04 0.04
0 0.283203125 0.865234375 0.04 0.04
0 0.880859375 0.830078125 0.04 0.04
0 0.728515625 0.830078125 0.04 0.04
0 0.408203125 0.826171875 0.04 0.04
0 0.30078125 0.798828125 0.04 0.04
0 0.513671875 0.783203125 0.04 0.04
0 0.806640625 0.771484375 0.04 0.04
0 0.076171875 0.76953125 0.04 0.04
0 0.6015625 0.7578125 0.04 0.04
0 0.125 0.751953125 0.04 0.04
0 0.69140625 0.728515625 0.04 0.04
0 0.486328125 0.6953125 0.04 0.04
0 0.3359375 0.693359375 0.04 0.04
0 0.939453125 0.69140625 0.04 0.04
0 0.580078125 0.65234375 0.04 0.04
0 0.236328125 0.65234375 0.04 0.04
0 0.439453125 0.64453125 0.04 0.04
0 0.658203125 0.642578125 0.04 0.04
0 0.74609375 0.583984375 0.04 0.04
0 0.638671875 0.56640625 0.04 0.04
0 0.798828125 0.560546875 0.04 0.04
0 0.69140625 0.517578125 0.04 0.04
0 0.619140625 0.4921875 0.04 0.04
0 0.41015625 0.486328125 0.04 0.04
0 0.859375 0.4765625 0.04 0.04
0 0.486328125 0.453125 0.04 0.04
0 0.775390625 0.44140625 0.04 0.04
0 0.91015625 0.4140625 0.04 0.04
0 0.416015625 0.400390625 0.04 0.04
0 0.470703125 0.392578125 0.04 0.04
0 0.970703125 0.380859375 0.04 0.04
0 0.919921875 0.373046875 0.04 0.04
0 0.779296875 0.36328125 0.04 0.04
0 0.591796875 0.357421875 0.04 0.04
0 0.51171875 0.3515625 0.04 0.04
0 0.7421875 0.32421875 0.04 0.04
0 0.861328125 0.314453125 0.04 0.04
0 0.640625 0.30859375 0.04 0.04
