0 0.044921875 0.998046875 0.04 0.04
0 0.158203125 0.986328125 0.04 0.04
0 0.876953125 0.98046875 0.04 0.04
0 0.7421875 0.962890625 0.04 0.04
0 0.359375 0.962890625 0.04 0.04
0 0.63671875 0.94921875 0.04 0.04
0 0.267578125 0.9375 0.04 0.04
0 0.935546875 0.921875 0.04 0.04
0 0.201171875 0.919921875 0.04 0.04
0 0.619140625 0.912109375 0.04 0.04
0 0.658203125 0.892578125 0.04 0.04
0 0.962890625 0.88671875 0.04 0.04
0 0.005859375 0.880859375 0.04 0.04
0 0.251953125 0.859375 0.04 0.04
0 0.896484375 0.857421875 0.04 0.04
0 0.744140625 0.84765625 0.04 0.04
0 0.45703125 0.845703125 0.04 0.04
0 0.8515625 0.826171875 0.04 0.04
0 0.919921875 0.71484375 0.04 0.04
