0 0.931640625 0.849609375 0.04 0.04
0 0.888671875 0.845703125 0.04 0.04
0 0.80859375 0.8203125 0.04 0.04
0 0.908203125 0.736328125 0.04 0.04
0 0.810546875 0.6640625 0.04 0.04
0 0.650390625 0.6640625 0.04 0.04
0 0.69140625 0.638671875 0.04 0.04
0 0.849609375 0.63671875 0.04 0.04
0 0.580078125 0.615234375 0.04 0.04
0 0.400390625 0.599609375 0.04 0.04
0 0.978515625 0.58984375 0.04 0.04
0 0.71484375 0.587890625 0.04 0.04
0 0.9375 0.580078125 0.04 0.04
0 0.888671875 0.578125 0.04 0.04
0 0.8203125 0.54296875 0.04 0.04
0 0.7421875 0.541015625 0.04 0.04
0 0.099609375 0.53515625 0.04 0.04
0 0.55078125 0.53125 0.04 0.04
0 0.669921875 0.52734375 0.04 0.04
0 0.416015625 0.509765625 0.04 0.04
0 0.361328125 0.498046875 0.04 0.04
0 0.880859375 0.4921875 0.04 0.04
0 0.60546875 0.4921875 0.04 0.04
0 0.52734375 0.48828125 0.04 0.04
0 0.802734375 0.458984375 0.04 0.04
0 0.29296875 0.427734375 0.04 0.04
0 0.037109375 0.421875 0.04 0.04
0 0.36328125 0.390625 0.04 0.04
0 0.240234375 0.375 0.04 0.04
0 0.42578125 0.36328125 0.04 0.04
