0 0.17578125 0.978515625 0.04 0.04
0 0.2109375 0.955078125 0.04 0.04
0 0.30078125 0.935546875 0.04 0.04
0 0.095703125 0.916015625 0.04 0.04
0 0.916015625 0.900390625 0.04 0.04
0 0.349609375 0.89453125 0.04 0.04
0 0.12890625 0.89453125 0.04 0.04
0 0.205078125 0.8828125 0.04 0.04
0 0.451171875 0.8515625 0.04 0.04
0 0.498046875 0.837890625 0.04 0.04
0 0.162109375 0.833984375 0.04 0.04
0 0.5390625 0.8203125 0.04 0.04
0 0.51953125 0.794921875 0.04 0.04
0 0.61328125 0.787109375 0.04 0.04
0 0.32421875 0.78515625 0.04 0.04
0 0.443359375 0.783203125 0.04 0.04
0 0.1953125 0.7734375 0.04 0.04
0 0.578125 0.7578125 0.04 0.04
0 0.93359375 0.74609375 0.04 0.04
0 0.537109375 0.72265625 0.04 0.04
0 0.30859375 0.703125 0.04 0.04
0 0.2265625 0.693359375 0.04 0.04
0 0.48828125 0.662109375 0.04 0.04
0 0.4765625 0.615234375 0.04 0.04
0 0.2578125 0.603515625 0.04 0.04
0 0.373046875 0.5859375 0.04 0.04
0 0.96484375 0.576171875 0.04 0.04
0 0.4453125 0.55859375 0.04 0.04
0 0.328125 0.501953125 0.04 0.04
0 0.48046875 0.498046875 0.04 0.04
0 0.494140625 0.439453125 0.04 0.04
0 0.888671875 0.416015625 0.04 0.04
0 0.373046875 0.400390625 0.04 0.04
0 0.51953125 0.38671875 0.04 0.04
0 0.998046875 0.37890625 0.04 0.04
0 0.31640625 0.353515625 0.04 0.04
0 0.357421875 0.296875 0.04 0.04
0 0.568359375 0.287109375 0.04 0.04
0 0.9375 0.283203125 0.04 0.04
0 0.94140625 0.197265625 0.04 0.04
0 0.6328125 0.193359375 0.04 0.04
0 0.3828125 0.1640625 0.04 0.04
0 0.97265625 0.15625 0.04 0.04
0 0.568359375 0.13671875 0.04 0.04
0 0.47265625 0.125 0.04 0.04
0 0.810546875 0.103515625 0.04 0.04
0 0.970703125 0.099609375 0.04 0.04
0 0.900390625 0.087890625 0.04 0.04
0 0.458984375 0.07421875 0.04 0.04
0 0.658203125 0.06640625 0.04 0.04
0 0.494140625 0.056640625 0.04 0.04
0 0.546875 0.046875 0.04 0.04
0 0.953125 0.0 0.04 0.04
0 0.875 0.0 0.04 0.04
