0 0.05078125 0.998046875 0.04 0.04
0 0.484375 0.98046875 0.04 0.04
0 0.970703125 0.90234375 0.04 0.04
0 0.5703125 0.873046875 0.04 0.04
0 0.32421875 0.853515625 0.04 0.04
0 0.486328125 0.837890625 0.04 0.04
0 0.283203125 0.734375 0.04 0.04
0 0.349609375 0.708984375 0.04 0.04
0 0.810546875 0.677734375 0.04 0.04
0 0.169921875 0.64453125 0.04 0.04
0 0.396484375 0.52734375 0.04 0.04
0 0.083984375 0.51171875 0.04 0.04
0 0.224609375 0.443359375 0.04 0.04
0 0.0 0.41015625 0.04 0.04
0 0.12890625 0.3984375 0.04 0.04
0 0.626953125 0.384765625 0.04 0.04
0 0.345703125 0.376953125 0.04 0.04
0 0.927734375 0.337890625 0.04 0.04
0 0.5625 0.333984375 0.04 0.04
0 0.044921875 0.318359375 0.04 0.04
0 0.212890625 0.283203125 0.04 0.04
0 0.25 0.26171875 0.04 0.04
0 0.861328125 0.25 0.04 0.04
0 0.80078125 0.212890625 0.04 0.04
0 0.283203125 0.205078125 0.04 0.04
0 0.451171875 0.193359375 0.04 0.04
0 0.2421875 0.177734375 0.04 0.04
0 0.4765625 0.16796875 0.04 0.04
0 0.576171875 0.1640625 0.04 0.04
0 0.556640625 0.103515625 0.04 0.04
0 0.412109375 0.09765625 0.04 0.04
0 0.6796875 0.0859375 0.04 0.04
0 0.517578125 0.04296875 0.04 0.04
0 0.931640625 0.0390625 0.04 0.04
0 0.357421875 0.03125 0.04 0.04
0 0.63671875 0.025390625 0.04 0.04
0 0.5234375 0.013671875 0.04 0.04
0 0.69140625 0.0 0.04 0.04
