0 0.455078125 0.9921875 0.04 0.04
0 0.591796875 0.9765625 0.04 0.04
0 0.353515625 0.96484375 0.04 0.04
0 0.8828125 0.931640625 0.04 0.04
0 0.087890625 0.923828125 0.04 0.04
0 0.447265625 0.921875 0.04 0.04
0 0.666015625 0.869140625 0.04 0.04
0 0.90234375 0.861328125 0.04 0.04
0 0.517578125 0.818359375 0.04 0.04
0 0.796875 0.8125 0.04 0.04
0 0.6328125 0.798828125 0.04 0.04
0 0.8515625 0.7578125 0.04 0.04
0 0.44140625 0.755859375 0.04 0.04
0 0.75390625 0.74609375 0.04 0.04
0 0.060546875 0.701171875 0.04 0.04
0 0.783203125 0.685546875 0.04 0.04
0 0.943359375 0.6796875 0.04 0.04
0 0.091796875 0.673828125 0.04 0.04
0 0.046875 0.611328125 0.04 0.04
0 0.099609375 0.5546875 0.04 0.04
0 0.22265625 0.537109375 0.04 0.04
0 0.923828125 0.48828125 0.04 0.04
0 0.125 0.4609375 0.04 0.04
0 0.015625 0.419921875 0.04 0.04
0 0.998046875 0.412109375 0.04 0.04
