0 0.794921875 0.642578125 0.04 0.04
0 0.849609375 0.640625 0.04 0.04
0 0.703125 0.63671875 0.04 0.04
0 0.43359375 0.5625 0.04 0.04
0 0.306640625 0.5625 0.04 0.04
0 0.87109375 0.4296875 0.04 0.04
0 0.34765625 0.41015625 0.04 0.04
0 0.5234375 0.392578125 0.04 0.04
0 0.62109375 0.32421875 0.04 0.04
0 0.5625 0.26171875 0.04 0.04
0 0.646484375 0.154296875 0.04 0.04
0 0.646484375 0.14453125 0.04 0.04
0 0.2890625 0.115234375 0.04 0.04
0 0.744140625 0.08984375 0.04 0.04
0 0.66796875 0.0390625 0.04 0.04
0 0.587890625 0.015625 0.04 0.04
