0 0.68359375 0.955078125 0.04 0.04
0 0.197265625 0.94140625 0.04 0.04
0 0.109375 0.87109375 0.04 0.04
0 0.220703125 0.841796875 0.04 0.04
0 0.416015625 0.83984375 0.04 0.04
0 0.494140625 0.8203125 0.04 0.04
0 0.125 0.81640625 0.04 0.04
0 0.591796875 0.80859375 0.04 0.04
0 0.275390625 0.78515625 0.04 0.04
0 0.099609375 0.744140625 0.04 0.04
0 0.134765625 0.732421875 0.04 0.04
0 0.380859375 0.720703125 0.04 0.04
0 0.1796875 0.716796875 0.04 0.04
0 0.703125 0.673828125 0.04 0.04
0 0.189453125 0.662109375 0.04 0.04
0 0.10546875 0.662109375 0.04 0.04
0 0.611328125 0.626953125 0.04 0.04
0 0.439453125 0.556640625 0.04 0.04
0 0.14453125 0.427734375 0.04 0.04
0 0.75 0.416015625 0.04 0.04
0 0.0234375 0.40625 0.04 0.04
0 0.6015625 0.380859375 0.04 0.04
0 0.51953125 0.3515625 0.04 0.04
0 0.791015625 0.333984375 0.04 0.04
0 0.88671875 0.33203125 0.04 0.04
0 0.583984375 0.3046875 0.04 0.04
0 0.958984375 0.283203125 0.04 0.04
0 0.79296875 0.271484375 0.04 0.04
0 0.78515625 0.244140625 0.04 0.04
0 0.208984375 0.240234375 0.04 0.04
0 0.4453125 0.236328125 0.04 0.04
0 0.666015625 0.220703125 0.04 0.04
0 0.96875 0.2109375 0.04 0.04
0 0.61328125 0.205078125 0.04 0.04
0 0.703125 0.193359375 0.04 0.04
0 0.796875 0.17578125 0.04 0.04
0 0.896484375 0.162109375 0.04 0.04
0 0.072265625 0.158203125 0.04 0.04
0 0.87109375 0.126953125 0.04 0.04
0 0.697265625 0.08984375 0.04 0.04
0 0.4609375 0.083984375 0.04 0.04
0 0.548828125 0.07421875 0.04 0.04
0 0.896484375 0.072265625 0.04 0.04
0 0.798828125 0.0703125 0.04 0.04
0 0.74609375 0.05859375 0.04 0.04
0 0.3359375 0.05859375 0.04 0.04
0 0.853515625 0.052734375 0.04 0.04
0 0.78125 0.048828125 0.04 0.04
0 0.703125 0.041015625 0.04 0.04
0 0.63671875 0.0390625 0.04 0.04
0 0.8125 0.03125 0.04 0.04
0 0.1171875 0.029296875 0.04 0.04
0 0.708984375 0.0078125 0.04 0.04
0 0.625 0.001953125 0.04 0.04
0 0.880859375 0.0 0.04 0.04
