0 0.283203125 0.73046875 0.04 0.04
0 0.0 0.63671875 0.04 0.04
0 0.140625 0.634765625 0.04 0.04
0 0.26953125 0.6328125 0.04 0.04
0 0.279296875 0.556640625 0.04 0.04
0 0.064453125 0.533203125 0.04 0.04
0 0.25 0.529296875 0.04 0.04
0 0.224609375 0.529296875 0.04 0.04
0 0.298828125 0.455078125 0.04 0.04
0 0.255859375 0.447265625 0.04 0.04
0 0.041015625 0.435546875 0.04 0.04
0 0.244140625 0.431640625 0.04 0.04
0 0.091796875 0.4296875 0.04 0.04
0 0.173828125 0.41015625 0.04 0.04
0 0.8515625 0.404296875 0.04 0.04
0 0.3125 0.3984375 0.04 0.04
0 0.009765625 0.396484375 0.04 0.04
0 0.103515625 0.359375 0.04 0.04
0 0.12890625 0.328125 0.04 0.04
0 0.21875 0.302734375 0.04 0.04
0 0.48828125 0.2578125 0.04 0.04
0 0.359375 0.25390625 0.04 0.04
0 0.580078125 0.203125 0.04 0.04
0 0.046875 0.150390625 0.04 0.04
0 0.57421875 0.146484375 0.04 0.04
0 0.580078125 0.123046875 0.04 0.04
0 0.130859375 0.11328125 0.04 0.04
0 0.861328125 0.087890625 0.04 0.04
0 0.337890625 0.080078125 0.04 0.04
0 0.478515625 0.064453125 0.04 0.04
0 0.865234375 0.060546875 0.04 0.04
0 0.1875 0.046875 0.04 0.04
0 0.138671875 0.044921875 0.04 0.04
0 0.533203125 0.021484375 0.04 0.04
0 0.60546875 0.0078125 0.04 0.04
