0 0.390625 0.9765625 0.04 0.04
0 0.513671875 0.974609375 0.04 0.04
0 0.30859375 0.962890625 0.04 0.04
0 0.125 0.9453125 0.04 0.04
0 0.599609375 0.921875 0.04 0.04
0 0.83203125 0.8359375 0.04 0.04
0 0.685546875 0.828125 0.04 0.04
0 0.044921875 0.818359375 0.04 0.04
0 0.703125 0.703125 0.04 0.04
0 0.361328125 0.63671875 0.04 0.04
0 0.125 0.4765625 0.04 0.04
0 0.458984375 0.359375 0.04 0.04
0 0.337890625 0.265625 0.04 0.04
0 0.40625 0.263671875 0.04 0.04
0 0.998046875 0.26171875 0.04 0.04
0 0.27734375 0.26171875 0.04 0.04
0 0.54296875 0.1953125 0.04 0.04
0 0.076171875 0.15234375 0.04 0.04
0 0.896484375 0.119140625 0.04 0.04
0 0.697265625 0.037109375 0.04 0.04
0 0.01171875 0.03125 0.04 0.04
0 0.84765625 0.0234375 0.04 0.04
0 0.734375 0.0 0.04 0.04
