0 0.7890625 0.98828125 0.04 0.04
0 0.958984375 0.9453125 0.04 0.04
0 0.056640625 0.923828125 0.04 0.04
0 0.03125 0.912109375 0.04 0.04
0 0.96875 0.83203125 0.04 0.04
0 0.01171875 0.767578125 0.04 0.04
0 0.736328125 0.748046875 0.04 0.04
0 0.77734375 0.697265625 0.04 0.04
0 0.7421875 0.685546875 0.04 0.04
0 0.0 0.599609375 0.04 0.04
0 0.009765625 0.560546875 0.04 0.04
0 0.439453125 0.552734375 0.04 0.04
0 0.65234375 0.544921875 0.04 0.04
0 0.767578125 0.525390625 0.04 0.04
0 0.138671875 0.466796875 0.04 0.04
0 0.060546875 0.419921875 0.04 0.04
0 0.607421875 0.380859375 0.04 0.04
0 0.396484375 0.33984375 0.04 0.04
0 0.0859375 0.337890625 0.04 0.04
0 0.017578125 0.310546875 0.04 0.04
0 0.173828125 0.283203125 0.04 0.04
0 0.775390625 0.234375 0.04 0.04
0 0.68359375 0.234375 0.04 0.04
0 0.455078125 0.224609375 0.04 0.04
0 0.205078125 0.21875 0.04 0.04
0 0.294921875 0.197265625 0.04 0.04
0 0.142578125 0.197265625 0.04 0.04
0 0.12890625 0.138671875 0.04 0.04
0 0.021484375 0.10546875 0.04 0.04
0 0.5 0.095703125 0.04 0.04
0 0.4296875 0.072265625 0.04 0.04
0 0.25390625 0.009765625 0.04 0.04
