0 0.380859375 0.98828125 0.04 0.04
0 0.515625 0.986328125 0.04 0.04
0 0.1328125 0.984375 0.04 0.04
0 0.064453125 0.982421875 0.04 0.04
0 0.22265625 0.978515625 0.04 0.04
0 0.091796875 0.9765625 0.04 0.04
0 0.0 0.9765625 0.04 0.04
0 0.017578125 0.951171875 0.04 0.04
0 0.0 0.951171875 0.04 0.04
0 0.048828125 0.876953125 0.04 0.04
0 0.279296875 0.8671875 0.04 0.04
0 0.3359375 0.8359375 0.04 0.04
0 0.1953125 0.83203125 0.04 0.04
0 0.462890625 0.7890625 0.04 0.04
0 0.01171875 0.736328125 0.04 0.04
0 0.32421875 0.724609375 0.04 0.04
0 0.125 0.703125 0.04 0.04
0 0.154296875 0.69140625 0.04 0.04
0 0.3515625 0.68359375 0.04 0.04
0 0.7265625 0.67578125 0.04 0.04
0 0.119140625 0.673828125 0.04 0.04
0 0.87109375 0.669921875 0.04 0.04
0 0.123046875 0.65625 0.04 0.04
0 0.078125 0.638671875 0.04 0.04
0 0.02734375 0.634765625 0.04 0.04
0 0.998046875 0.599609375 0.04 0.04
0 0.29296875 0.556640625 0.04 0.04
0 0.923828125 0.53125 0.04 0.04
0 0.37109375 0.529296875 0.04 0.04
0 0.72265625 0.49609375 0.04 0.04
0 0.892578125 0.474609375 0.04 0.04
0 0.330078125 0.46875 0.04 0.04
0 0.185546875 0.4453125 0.04 0.04
0 0.890625 0.400390625 0.04 0.04
0 0.203125 0.396484375 0.04 0.04
0 0.23828125 0.390625 0.04 0.04
0 0.15625 0.37890625 0.04 0.04
0 0.611328125 0.376953125 0.04 0.04
0 0.86328125 0.357421875 0.04 0.04
0 0.751953125 0.353515625 0.04 0.04
0 0.5078125 0.353515625 0.04 0.04
0 0.396484375 0.34375 0.04 0.04
0 0.173828125 0.314453125 0.04 0.04
0 0.615234375 0.306640625 0.04 0.04
0 0.091796875 0.259765625 0.04 0.04
0 0.720703125 0.240234375 0.04 0.04
0 0.611328125 0.212890625 0.04 0.04
0 0.296875 0.181640625 0.04 0.04
0 0.435546875 0.17578125 0.04 0.04
0 0.12109375 0.1640625 0.04 0.04
0 0.7109375 0.1328125 0.04 0.04
0 0.849609375 0.115234375 0.04 0.04
0 0.373046875 0.072265625 0.04 0.04
0 0.21875 0.068359375 0.04 0.04
0 0.17578125 0.056640625 0.04 0.04
0 0.533203125 0.04296875 0.04 0.04
0 0.2421875 0.017578125 0.04 0.04
0 0.384765625 0.01171875 0.04 0.04
