0 0.087890625 0.998046875 0.04 0.04
0 0.42578125 0.939453125 0.04 0.04
0 0.02734375 0.939453125 0.04 0.04
0 0.251953125 0.91796875 0.04 0.04
0 0.111328125 0.912109375 0.04 0.04
0 0.68359375 0.86328125 0.04 0.04
0 0.228515625 0.86328125 0.04 0.04
0 0.599609375 0.849609375 0.04 0.04
0 0.0859375 0.845703125 0.04 0.04
0 0.228515625 0.775390625 0.04 0.04
0 0.3671875 0.765625 0.04 0.04
0 0.48828125 0.76171875 0.04 0.04
0 0.13671875 0.76171875 0.04 0.04
0 0.3046875 0.7109375 0.04 0.04
0 0.314453125 0.666015625 0.04 0.04
0 0.603515625 0.63671875 0.04 0.04
0 0.3203125 0.626953125 0.04 0.04
0 0.462890625 0.615234375 0.04 0.04
0 0.21875 0.57421875 0.04 0.04
0 0.607421875 0.525390625 0.04 0.04
0 0.3359375 0.51171875 0.04 0.04
0 0.322265625 0.458984375 0.04 0.04
0 0.41015625 0.455078125 0.04 0.04
0 0.533203125 0.4453125 0.04 0.04
0 0.447265625 0.4375 0.04 0.04
0 0.658203125 0.43359375 0.04 0.04
0 0.57421875 0.396484375 0.04 0.04
0 0.345703125 0.38671875 0.04 0.04
0 0.63671875 0.380859375 0.04 0.04
0 0.48046875 0.357421875 0.04 0.04
0 0.3359375 0.28515625 0.04 0.04
0 0.533203125 0.27734375 0.04 0.04
