0 0.31640625 0.986328125 0.04 0.04
0 0.60546875 0.974609375 0.04 0.04
0 0.73828125 0.96484375 0.04 0.04
0 0.83203125 0.947265625 0.04 0.04
0 0.37890625 0.939453125 0.04 0.04
0 0.42578125 0.9140625 0.04 0.04
0 0.703125 0.8984375 0.04 0.04
0 0.048828125 0.884765625 0.04 0.04
0 0.091796875 0.873046875 0.04 0.04
0 0.8359375 0.8359375 0.04 0.04
0 0.712890625 0.83203125 0.04 0.04
0 0.626953125 0.82421875 0.04 0.04
0 0.998046875 0.8046875 0.04 0.04
0 0.9765625 0.8046875 0.04 0.04
0 0.013671875 0.734375 0.04 0.04
0 0.0 0.646484375 0.04 0.04
