0 0.875 0.998046875 0.04 0.04
0 0.791015625 0.998046875 0.04 0.04
0 0.03125 0.958984375 0.04 0.04
0 0.814453125 0.88671875 0.04 0.04
0 0.931640625 0.87109375 0.04 0.04
0 0.046875 0.82421875 0.04 0.04
0 0.96484375 0.818359375 0.04 0.04
0 0.8359375 0.810546875 0.04 0.04
0 0.18359375 0.80078125 0.04 0.04
0 0.81640625 0.767578125 0.04 0.04
0 0.78515625 0.759765625 0.04 0.04
0 0.82421875 0.740234375 0.04 0.04
0 0.7890625 0.724609375 0.04 0.04
0 0.8203125 0.701171875 0.04 0.04
0 0.626953125 0.69921875 0.04 0.04
0 0.728515625 0.6640625 0.04 0.04
0 0.998046875 0.63671875 0.04 0.04
0 0.689453125 0.623046875 0.04 0.04
0 0.85546875 0.61328125 0.04 0.04
0 0.109375 0.61328125 0.04 0.04
0 0.7578125 0.603515625 0.04 0.04
0 0.783203125 0.57421875 0.04 0.04
0 0.64453125 0.56640625 0.04 0.04
0 0.775390625 0.55078125 0.04 0.04
0 0.751953125 0.546875 0.04 0.04
0 0.744140625 0.513671875 0.04 0.04
0 0.6484375 0.4765625 0.04 0.04
0 0.591796875 0.4765625 0.04 0.04
0 0.927734375 0.4609375 0.04 0.04
0 0.671875 0.455078125 0.04 0.04
0 0.71484375 0.443359375 0.04 0.04
0 0.533203125 0.4296875 0.04 0.04
0 0.65625 0.41796875 0.04 0.04
0 0.462890625 0.41015625 0.04 0.04
0 0.44140625 0.400390625 0.04 0.04
0 0.693359375 0.388671875 0.04 0.04
0 0.61328125 0.373046875 0.04 0.04
0 0.697265625 0.369140625 0.04 0.04
0 0.841796875 0.353515625 0.04 0.04
0 0.333984375 0.345703125 0.04 0.04
0 0.619140625 0.337890625 0.04 0.04
0 0.9453125 0.3359375 0.04 0.04
0 0.03125 0.3359375 0.04 0.04
0 0.4609375 0.318359375 0.04 0.04
0 0.359375 0.3046875 0.04 0.04
0 0.8203125 0.29296875 0.04 0.04
0 0.509765625 0.28515625 0.04 0.04
0 0.130859375 0.279296875 0.04 0.04
0 0.11328125 0.26953125 0.04 0.04
0 0.384765625 0.265625 0.04 0.04
0 0.056640625 0.248046875 0.04 0.04
0 0.46484375 0.232421875 0.04 0.04
0 0.42578125 0.216796875 0.04 0.04
0 0.380859375 0.21484375 0.04 0.04
0 0.8203125 0.146484375 0.04 0.04
0 0.23828125 0.134765625 0.04 0.04
0 0.16796875 0.1328125 0.04 0.04
0 0.20703125 0.125 0.04 0.04
0 0.751953125 0.12109375 0.04 0.04
0 0.15234375 0.107421875 0.04 0.04
0 0.080078125 0.1015625 0.04 0.04
0 0.55859375 0.099609375 0.04 0.04
0 0.130859375 0.091796875 0.04 0.04
0 0.640625 0.052734375 0.04 0.04
0 0.404296875 0.052734375 0.04 0.04
0 0.935546875 0.05078125 0.04 0.04
0 0.671875 0.046875 0.04 0.04
0 0.26171875 0.03125 0.04 0.04
0 0.48828125 0.01171875 0.04 0.04
0 0.13671875 0.01171875 0.04 0.04
