0 0.93359375 0.966796875 0.04 0.04
0 0.763671875 0.919921875 0.04 0.04
0 0.64453125 0.888671875 0.04 0.04
0 0.33203125 0.8359375 0.04 0.04
0 0.294921875 0.830078125 0.04 0.04
0 0.201171875 0.7578125 0.04 0.04
0 0.41796875 0.71484375 0.04 0.04
0 0.74609375 0.6953125 0.04 0.04
0 0.173828125 0.6796875 0.04 0.04
0 0.814453125 0.638671875 0.04 0.04
0 0.201171875 0.625 0.04 0.04
0 0.71875 0.591796875 0.04 0.04
0 0.576171875 0.515625 0.04 0.04
0 0.375 0.197265625 0.04 0.04
0 0.4609375 0.095703125 0.04 0.04
