0 0.951171875 0.98828125 0.04 0.04
0 0.46484375 0.98828125 0.04 0.04
0 0.818359375 0.984375 0.04 0.04
0 0.365234375 0.982421875 0.04 0.04
0 0.7421875 0.9453125 0.04 0.04
0 0.998046875 0.931640625 0.04 0.04
0 0.392578125 0.923828125 0.04 0.04
0 0.607421875 0.91015625 0.04 0.04
0 0.3359375 0.91015625 0.04 0.04
0 0.671875 0.90625 0.04 0.04
0 0.978515625 0.8984375 0.04 0.04
0 0.490234375 0.896484375 0.04 0.04
0 0.41796875 0.896484375 0.04 0.04
0 0.5703125 0.869140625 0.04 0.04
0 0.76171875 0.84765625 0.04 0.04
0 0.6171875 0.841796875 0.04 0.04
0 0.427734375 0.83984375 0.04 0.04
0 0.908203125 0.8359375 0.04 0.04
0 0.6796875 0.81640625 0.04 0.04
0 0.501953125 0.81640625 0.04 0.04
0 0.974609375 0.80859375 0.04 0.04
0 0.763671875 0.78125 0.04 0.04
0 0.662109375 0.77734375 0.04 0.04
0 0.79296875 0.775390625 0.04 0.04
0 0.857421875 0.71484375 0.04 0.04
0 0.94921875 0.703125 0.04 0.04
