0 0.6640625 0.95703125 0.04 0.04
0 0.501953125 0.916015625 0.04 0.04
0 0.76953125 0.89453125 0.04 0.04
0 0.595703125 0.83203125 0.04 0.04
0 0.626953125 0.6875 0.04 0.04
0 0.919921875 0.662109375 0.04 0.04
0 0.62890625 0.609375 0.04 0.04
0 0.91796875 0.599609375 0.04 0.04
0 0.837890625 0.517578125 0.04 0.04
0 0.55078125 0.4921875 0.04 0.04
0 0.849609375 0.3984375 0.04 0.04
0 0.515625 0.349609375 0.04 0.04
0 0.296875 0.22265625 0.04 0.04
0 0.244140625 0.19921875 0.04 0.04
0 0.1796875 0.193359375 0.04 0.04
0 0.005859375 0.185546875 0.04 0.04
0 0.341796875 0.1484375 0.04 0.04
