0 0.671875 0.998046875 0.04 0.04
0 0.50390625 0.962890625 0.04 0.04
0 0.6875 0.8828125 0.04 0.04
0 0.126953125 0.865234375 0.04 0.04
0 0.19140625 0.828125 0.04 0.04
0 0.517578125 0.814453125 0.04 0.04
0 0.6171875 0.791015625 0.04 0.04
0 0.48828125 0.7109375 0.04 0.04
0 0.3046875 0.673828125 0.04 0.04
0 0.427734375 0.6328125 0.04 0.04
0 0.626953125 0.619140625 0.04 0.04
0 0.306640625 0.55078125 0.04 0.04
0 0.572265625 0.517578125 0.04 0.04
0 0.26171875 0.4921875 0.04 0.04
0 0.1328125 0.486328125 0.04 0.04
0 0.248046875 0.462890625 0.04 0.04
0 0.67578125 0.447265625 0.04 0.04
0 0.03125 0.443359375 0.04 0.04
0 0.828125 0.423828125 0.04 0.04
0 0.3046875 0.396484375 0.04 0.04
0 0.509765625 0.365234375 0.04 0.04
0 0.64453125 0.30859375 0.04 0.04
0 0.955078125 0.283203125 0.04 0.04
0 0.857421875 0.248046875 0.04 0.04
0 0.224609375 0.23828125 0.04 0.04
0 0.41015625 0.228515625 0.04 0.04
0 0.24609375 0.18359375 0.04 0.04
0 0.580078125 0.15625 0.04 0.04
0 0.77734375 0.146484375 0.04 0.04
0 0.328125 0.146484375 0.04 0.04
0 0.880859375 0.095703125 0.04 0.04
0 0.41796875 0.091796875 0.04 0.04
0 0.5 0.056640625 0.04 0.04
0 0.818359375 0.037109375 0.04 0.04
0 0.669921875 0.033203125 0.04 0.04
0 0.232421875 0.0234375 0.04 0.04
0 0.724609375 0.021484375 0.04 0.04
