0 0.55078125 0.962890625 0.04 0.04
0 0.255859375 0.943359375 0.04 0.04
0 0.177734375 0.7734375 0.04 0.04
0 0.44921875 0.76953125 0.04 0.04
0 0.427734375 0.65234375 0.04 0.04
0 0.484375 0.19921875 0.04 0.04
0 0.015625 0.185546875 0.04 0.04
0 0.439453125 0.162109375 0.04 0.04
0 0.45703125 0.080078125 0.04 0.04
0 0.68359375 0.072265625 0.04 0.04
0 0.134765625 0.0703125 0.04 0.04
0 0.58984375 0.064453125 0.04 0.04
0 0.783203125 0.052734375 0.04 0.04
0 0.66796875 0.033203125 0.04 0.04
0 0.380859375 0.015625 0.04 0.04
0 0.806640625 0.01171875 0.04 0.04
0 0.416015625 0.0078125 0.04 0.04
0 0.04296875 0.0 0.04 0.04
