0 0.880859375 0.998046875 0.04 0.04
0 0.625 0.998046875 0.04 0.04
0 0.88671875 0.98828125 0.04 0.04
0 0.998046875 0.9765625 0.04 0.04
0 0.1875 0.9765625 0.04 0.04
0 0.708984375 0.970703125 0.04 0.04
0 0.998046875 0.951171875 0.04 0.04
0 0.509765625 0.94921875 0.04 0.04
0 0.650390625 0.939453125 0.04 0.04
0 0.958984375 0.927734375 0.04 0.04
0 0.501953125 0.91796875 0.04 0.04
0 0.697265625 0.896484375 0.04 0.04
0 0.6484375 0.896484375 0.04 0.04
0 0.68359375 0.884765625 0.04 0.04
0 0.71484375 0.845703125 0.04 0.04
0 0.046875 0.845703125 0.04 0.04
0 0.6328125 0.84375 0.04 0.04
0 0.115234375 0.84375 0.04 0.04
0 0.57421875 0.83984375 0.04 0.04
0 0.529296875 0.833984375 0.04 0.04
0 0.64453125 0.82421875 0.04 0.04
0 0.59375 0.8046875 0.04 0.04
0 0.322265625 0.794921875 0.04 0.04
0 0.85546875 0.78125 0.04 0.04
0 0.4921875 0.779296875 0.04 0.04
0 0.212890625 0.77734375 0.04 0.04
0 0.81640625 0.76171875 0.04 0.04
0 0.85546875 0.7578125 0.04 0.04
0 0.623046875 0.75390625 0.04 0.04
0 0.05859375 0.74609375 0.04 0.04
0 0.572265625 0.7421875 0.04 0.04
0 0.267578125 0.740234375 0.04 0.04
0 0.5390625 0.734375 0.04 0.04
0 0.7265625 0.73046875 0.04 0.04
0 0.2109375 0.73046875 0.04 0.04
0 0.54296875 0.7109375 0.04 0.04
0 0.509765625 0.701171875 0.04 0.04
0 0.38671875 0.69921875 0.04 0.04
0 0.5 0.689453125 0.04 0.04
0 0.4609375 0.689453125 0.04 0.04
0 0.029296875 0.68359375 0.04 0.04
0 0.634765625 0.681640625 0.04 0.04
0 0.470703125 0.6640625 0.04 0.04
0 0.119140625 0.66015625 0.04 0.04
0 0.50390625 0.65625 0.04 0.04
0 0.431640625 0.640625 0.04 0.04
0 0.46875 0.6328125 0.04 0.04
0 0.69140625 0.583984375 0.04 0.04
0 0.220703125 0.580078125 0.04 0.04
0 0.7734375 0.578125 0.04 0.04
0 0.373046875 0.57421875 0.04 0.04
0 0.087890625 0.556640625 0.04 0.04
0 0.58203125 0.552734375 0.04 0.04
0 0.16796875 0.546875 0.04 0.04
0 0.9765625 0.541015625 0.04 0.04
0 0.220703125 0.5234375 0.04 0.04
0 0.5625 0.521484375 0.04 0.04
0 0.466796875 0.498046875 0.04 0.04
0 0.216796875 0.494140625 0.04 0.04
0 0.01953125 0.4765625 0.04 0.04
0 0.21484375 0.462890625 0.04 0.04
0 0.123046875 0.455078125 0.04 0.04
0 0.705078125 0.44921875 0.04 0.04
0 0.083984375 0.392578125 0.04 0.04
0 0.603515625 0.3828125 0.04 0.04
0 0.212890625 0.380859375 0.04 0.04
0 0.0 0.37890625 0.04 0.04
0 0.884765625 0.373046875 0.04 0.04
0 0.81640625 0.349609375 0.04 0.04
0 0.3828125 0.345703125 0.04 0.04
0 0.724609375 0.34375 0.04 0.04
0 0.228515625 0.337890625 0.04 0.04
0 0.986328125 0.33203125 0.04 0.04
0 0.271484375 0.29296875 0.04 0.04
0 0.21484375 0.279296875 0.04 0.04
0 0.875 0.27734375 0.04 0.04
0 0.1484375 0.267578125 0.04 0.04
0 0.0390625 0.2421875 0.04 0.04
0 0.556640625 0.2265625 0.04 0.04
0 0.845703125 0.21484375 0.04 0.04
0 0.0390625 0.201171875 0.04 0.04
0 0.68359375 0.19921875 0.04 0.04
0 0.88671875 0.171875 0.04 0.04
0 0.83203125 0.16796875 0.04 0.04
0 0.7578125 0.111328125 0.04 0.04
0 0.80078125 0.048828125 0.04 0.04
0 0.896484375 0.0078125 0.04 0.04
0 0.845703125 0.0 0.04 0.04
