0 0.865234375 0.95703125 0.04 0.04
0 0.69921875 0.8671875 0.04 0.04
0 0.443359375 0.859375 0.04 0.04
0 0.501953125 0.833984375 0.04 0.04
0 0.427734375 0.79296875 0.04 0.04
0 0.01953125 0.779296875 0.04 0.04
0 0.611328125 0.765625 0.04 0.04
0 0.251953125 0.763671875 0.04 0.04
0 0.0234375 0.740234375 0.04 0.04
0 0.181640625 0.736328125 0.04 0.04
0 0.07421875 0.720703125 0.04 0.04
0 0.318359375 0.654296875 0.04 0.04
0 0.078125 0.650390625 0.04 0.04
0 0.587890625 0.640625 0.04 0.04
0 0.408203125 0.63671875 0.04 0.04
0 0.25390625 0.6328125 0.04 0.04
0 0.80859375 0.615234375 0.04 0.04
0 0.134765625 0.611328125 0.04 0.04
0 0.232421875 0.60546875 0.04 0.04
0 0.025390625 0.599609375 0.04 0.04
0 0.84765625 0.576171875 0.04 0.04
0 0.1953125 0.564453125 0.04 0.04
0 0.08984375 0.55078125 0.04 0.04
0 0.45703125 0.544921875 0.04 0.04
0 0.408203125 0.51953125 0.04 0.04
0 0.009765625 0.484375 0.04 0.04
