0 0.88671875 0.998046875 0.04 0.04
0 0.947265625 0.935546875 0.04 0.04
0 0.912109375 0.7890625 0.04 0.04
0 0.857421875 0.7578125 0.04 0.04
0 0.7265625 0.736328125 0.04 0.04
0 0.8359375 0.669921875 0.04 0.04
0 0.728515625 0.646484375 0.04 0.04
0 0.814453125 0.478515625 0.04 0.04
0 0.70703125 0.357421875 0.04 0.04
0 0.888671875 0.306640625 0.04 0.04
0 0.734375 0.26953125 0.04 0.04
0 0.66015625 0.267578125 0.04 0.04
0 0.599609375 0.25 0.04 0.04
0 0.931640625 0.169921875 0.04 0.04
0 0.849609375 0.15234375 0.04 0.04
0 0.802734375 0.1484375 0.04 0.04
0 0.8359375 0.033203125 0.04 0.04
0 0.904296875 0.03125 0.04 0.04
