0 0.998046875 0.9921875 0.04 0.04
0 0.259765625 0.9375 0.04 0.04
0 0.15625 0.84375 0.04 0.04
0 0.82421875 0.796875 0.04 0.04
0 0.70703125 0.779296875 0.04 0.04
0 0.40234375 0.771484375 0.04 0.04
0 0.748046875 0.759765625 0.04 0.04
0 0.935546875 0.755859375 0.04 0.04
0 0.125 0.724609375 0.04 0.04
0 0.703125 0.703125 0.04 0.04
0 0.59375 0.6640625 0.04 0.04
0 0.412109375 0.658203125 0.04 0.04
0 0.166015625 0.634765625 0.04 0.04
0 0.82421875 0.62890625 0.04 0.04
0 0.466796875 0.603515625 0.04 0.04
0 0.109375 0.55078125 0.04 0.04
0 0.27734375 0.49609375 0.04 0.04
0 0.580078125 0.48046875 0.04 0.04
0 0.19921875 0.435546875 0.04 0.04
0 0.109375 0.419921875 0.04 0.04
0 0.248046875 0.388671875 0.04 0.04
0 0.05078125 0.361328125 0.04 0.04
0 0.091796875 0.205078125 0.04 0.04
