0 0.474609375 0.90234375 0.04 0.04
0 0.984375 0.607421875 0.04 0.04
0 0.6640625 0.591796875 0.04 0.04
0 0.98046875 0.580078125 0.04 0.04
0 0.34375 0.580078125 0.04 0.04
0 0.9453125 0.537109375 0.04 0.04
0 0.609375 0.5 0.04 0.04
0 0.76171875 0.484375 0.04 0.04
0 0.0390625 0.451171875 0.04 0.04
0 0.09375 0.3828125 0.04 0.04
0 0.646484375 0.322265625 0.04 0.04
0 0.3515625 0.298828125 0.04 0.04
0 0.9453125 0.26953125 0.04 0.04
0 0.197265625 0.265625 0.04 0.04
0 0.3984375 0.205078125 0.04 0.04
0 0.330078125 0.18359375 0.04 0.04
0 0.759765625 0.12890625 0.04 0.04
