0 0.490234375 0.984375 0.04 0.04
0 0.87890625 0.974609375 0.04 0.04
0 0.947265625 0.966796875 0.04 0.04
0 0.736328125 0.96484375 0.04 0.04
0 0.134765625 0.95703125 0.04 0.04
0 0.998046875 0.939453125 0.04 0.04
0 0.87109375 0.939453125 0.04 0.04
0 0.59375 0.9296875 0.04 0.04
0 0.48828125 0.92578125 0.04 0.04
0 0.623046875 0.91015625 0.04 0.04
0 0.521484375 0.892578125 0.04 0.04
0 0.904296875 0.87890625 0.04 0.04
0 0.541015625 0.87109375 0.04 0.04
0 0.978515625 0.869140625 0.04 0.04
0 0.919921875 0.841796875 0.04 0.04
0 0.76953125 0.837890625 0.04 0.04
0 0.671875 0.830078125 0.04 0.04
0 0.10546875 0.822265625 0.04 0.04
0 0.998046875 0.80078125 0.04 0.04
0 0.974609375 0.708984375 0.04 0.04
0 0.150390625 0.703125 0.04 0.04
0 0.712890625 0.6875 0.04 0.04
0 0.701171875 0.662109375 0.04 0.04
0 0.951171875 0.60546875 0.04 0.04
0 0.05078125 0.591796875 0.04 0.04
0 0.755859375 0.5859375 0.04 0.04
0 0.93359375 0.560546875 0.04 0.04
0 0.939453125 0.552734375 0.04 0.04
0 0.458984375 0.546875 0.04 0.04
0 0.275390625 0.5390625 0.04 0.04
0 0.05078125 0.5390625 0.04 0.04
0 0.572265625 0.537109375 0.04 0.04
0 0.9609375 0.52734375 0.04 0.04
0 0.3359375 0.47265625 0.04 0.04
0 0.408203125 0.458984375 0.04 0.04
0 0.896484375 0.4453125 0.04 0.04
0 0.09765625 0.43359375 0.04 0.04
0 0.619140625 0.431640625 0.04 0.04
0 0.7109375 0.412109375 0.04 0.04
0 0.93359375 0.404296875 0.04 0.04
0 0.427734375 0.392578125 0.04 0.04
0 0.259765625 0.392578125 0.04 0.04
0 0.17578125 0.392578125 0.04 0.04
0 0.810546875 0.384765625 0.04 0.04
0 0.673828125 0.380859375 0.04 0.04
0 0.447265625 0.37109375 0.04 0.04
0 0.4609375 0.345703125 0.04 0.04
0 0.3515625 0.333984375 0.04 0.04
0 0.900390625 0.330078125 0.04 0.04
0 0.9609375 0.328125 0.04 0.04
0 0.556640625 0.32421875 0.04 0.04
0 0.447265625 0.3125 0.04 0.04
0 0.080078125 0.30859375 0.04 0.04
0 0.771484375 0.306640625 0.04 0.04
0 0.970703125 0.263671875 0.04 0.04
0 0.693359375 0.255859375 0.04 0.04
0 0.71875 0.240234375 0.04 0.04
0 0.263671875 0.240234375 0.04 0.04
0 0.359375 0.236328125 0.04 0.04
0 0.236328125 0.228515625 0.04 0.04
0 0.509765625 0.220703125 0.04 0.04
0 0.001953125 0.212890625 0.04 0.04
0 0.73828125 0.205078125 0.04 0.04
0 0.43359375 0.205078125 0.04 0.04
0 0.81640625 0.193359375 0.04 0.04
0 0.859375 0.17578125 0.04 0.04
0 0.3828125 0.154296875 0.04 0.04
0 0.9296875 0.15234375 0.04 0.04
0 0.810546875 0.123046875 0.04 0.04
0 0.767578125 0.119140625 0.04 0.04
0 0.626953125 0.1171875 0.04 0.04
0 0.6015625 0.1171875 0.04 0.04
0 0.8359375 0.1015625 0.04 0.04
0 0.359375 0.095703125 0.04 0.04
0 0.509765625 0.087890625 0.04 0.04
0 0.40625 0.078125 0.04 0.04
0 0.861328125 0.05859375 0.04 0.04
0 0.52734375 0.05859375 0.04 0.04
0 0.90625 0.005859375 0.04 0.04
0 0.064453125 0.001953125 0.04 0.04
