0 0.064453125 0.998046875 0.04 0.04
0 0.625 0.98828125 0.04 0.04
0 0.8046875 0.96484375 0.04 0.04
0 0.46484375 0.96484375 0.04 0.04
0 0.98828125 0.923828125 0.04 0.04
0 0.076171875 0.87890625 0.04 0.04
0 0.58203125 0.857421875 0.04 0.04
0 0.3046875 0.787109375 0.04 0.04
0 0.220703125 0.748046875 0.04 0.04
0 0.44140625 0.732421875 0.04 0.04
0 0.638671875 0.625 0.04 0.04
0 0.740234375 0.6171875 0.04 0.04
0 0.337890625 0.603515625 0.04 0.04
0 0.982421875 0.53515625 0.04 0.04
0 0.998046875 0.486328125 0.04 0.04
