0 0.20703125 0.990234375 0.04 0.04
0 0.326171875 0.970703125 0.04 0.04
0 0.05078125 0.95703125 0.04 0.04
0 0.05078125 0.94921875 0.04 0.04
0 0.71484375 0.908203125 0.04 0.04
0 0.619140625 0.857421875 0.04 0.04
0 0.462890625 0.818359375 0.04 0.04
0 0.220703125 0.775390625 0.04 0.04
0 0.634765625 0.712890625 0.04 0.04
0 0.220703125 0.677734375 0.04 0.04
0 0.6953125 0.654296875 0.04 0.04
0 0.025390625 0.62890625 0.04 0.04
0 0.91015625 0.578125 0.04 0.04
0 0.953125 0.564453125 0.04 0.04
0 0.45703125 0.529296875 0.04 0.04
0 0.56640625 0.51171875 0.04 0.04
0 0.205078125 0.5078125 0.04 0.04
0 0.384765625 0.4921875 0.04 0.04
0 0.587890625 0.486328125 0.04 0.04
0 0.796875 0.482421875 0.04 0.04
0 0.716796875 0.462890625 0.04 0.04
0 0.376953125 0.4609375 0.04 0.04
0 0.919921875 0.45703125 0.04 0.04
0 0.19140625 0.455078125 0.04 0.04
0 0.19140625 0.4453125 0.04 0.04
0 0.8203125 0.435546875 0.04 0.04
0 0.916015625 0.3828125 0.04 0.04
0 0.703125 0.376953125 0.04 0.04
0 0.90234375 0.361328125 0.04 0.04
0 0.32421875 0.33203125 0.04 0.04
0 0.21484375 0.310546875 0.04 0.04
0 0.365234375 0.291015625 0.04 0.04
0 0.587890625 0.2890625 0.04 0.04
0 0.814453125 0.27734375 0.04 0.04
0 0.71875 0.265625 0.04 0.04
0 0.921875 0.16796875 0.04 0.04
0 0.255859375 0.142578125 0.04 0.04
0 0.92578125 0.126953125 0.04 0.04
0 0.712890625 0.126953125 0.04 0.04
0 0.4765625 0.076171875 0.04 0.04
0 0.2421875 0.07421875 0.04 0.04
0 0.91796875 0.0390625 0.04 0.04
