0 0.263671875 0.998046875 0.04 0.04
0 0.419921875 0.984375 0.04 0.04
0 0.068359375 0.97265625 0.04 0.04
0 0.4921875 0.908203125 0.04 0.04
0 0.662109375 0.875 0.04 0.04
0 0.1953125 0.841796875 0.04 0.04
0 0.462890625 0.826171875 0.04 0.04
0 0.5546875 0.82421875 0.04 0.04
0 0.189453125 0.8203125 0.04 0.04
0 0.525390625 0.818359375 0.04 0.04
0 0.705078125 0.81640625 0.04 0.04
0 0.05078125 0.80859375 0.04 0.04
0 0.40625 0.72265625 0.04 0.04
0 0.0 0.654296875 0.04 0.04
0 0.412109375 0.650390625 0.04 0.04
0 0.490234375 0.6484375 0.04 0.04
0 0.6796875 0.64453125 0.04 0.04
0 0.48828125 0.630859375 0.04 0.04
0 0.701171875 0.56640625 0.04 0.04
0 0.40234375 0.56640625 0.04 0.04
0 0.701171875 0.537109375 0.04 0.04
0 0.169921875 0.513671875 0.04 0.04
0 0.630859375 0.455078125 0.04 0.04
0 0.166015625 0.44921875 0.04 0.04
0 0.23046875 0.43359375 0.04 0.04
0 0.8125 0.25390625 0.04 0.04
0 0.998046875 0.212890625 0.04 0.04
0 0.998046875 0.19140625 0.04 0.04
0 0.841796875 0.1484375 0.04 0.04
0 0.634765625 0.12109375 0.04 0.04
0 0.876953125 0.029296875 0.04 0.04
0 0.95703125 0.005859375 0.04 0.04
