0 0.880859375 0.970703125 0.04 0.04
0 0.798828125 0.935546875 0.04 0.04
0 0.376953125 0.919921875 0.04 0.04
0 0.859375 0.890625 0.04 0.04
0 0.81640625 0.84765625 0.04 0.04
0 0.939453125 0.837890625 0.04 0.04
0 0.783203125 0.818359375 0.04 0.04
0 0.84765625 0.80078125 0.04 0.04
0 0.759765625 0.787109375 0.04 0.04
0 0.71875 0.783203125 0.04 0.04
0 0.9375 0.669921875 0.04 0.04
0 0.904296875 0.666015625 0.04 0.04
0 0.919921875 0.619140625 0.04 0.04
0 0.8515625 0.56640625 0.04 0.04
0 0.830078125 0.50390625 0.04 0.04
0 0.66796875 0.4375 0.04 0.04
0 0.837890625 0.431640625 0.04 0.04
0 0.658203125 0.287109375 0.04 0.04
