0 0.16796875 0.9765625 0.04 0.04
0 0.501953125 0.96875 0.04 0.04
0 0.0 0.939453125 0.04 0.04
0 0.201171875 0.90625 0.04 0.04
0 0.109375 0.8984375 0.04 0.04
0 0.01171875 0.88671875 0.04 0.04
0 0.384765625 0.853515625 0.04 0.04
0 0.44921875 0.84765625 0.04 0.04
0 0.02734375 0.828125 0.04 0.04
0 0.216796875 0.8203125 0.04 0.04
0 0.1796875 0.80078125 0.04 0.04
0 0.001953125 0.80078125 0.04 0.04
0 0.44140625 0.787109375 0.04 0.04
0 0.30859375 0.77734375 0.04 0.04
0 0.486328125 0.7734375 0.04 0.04
0 0.447265625 0.771484375 0.04 0.04
0 0.234375 0.76953125 0.04 0.04
0 0.060546875 0.755859375 0.04 0.04
0 0.236328125 0.736328125 0.04 0.04
0 0.013671875 0.734375 0.04 0.04
0 0.25 0.708984375 0.04 0.04
0 0.228515625 0.701171875 0.04 0.04
0 0.638671875 0.697265625 0.04 0.04
0 0.1875 0.68359375 0.04 0.04
0 0.517578125 0.677734375 0.04 0.04
0 0.6953125 0.671875 0.04 0.04
0 0.263671875 0.66796875 0.04 0.04
0 0.537109375 0.65234375 0.04 0.04
0 0.54296875 0.642578125 0.04 0.04
0 0.314453125 0.625 0.04 0.04
0 0.125 0.61328125 0.04 0.04
0 0.265625 0.609375 0.04 0.04
0 0.283203125 0.595703125 0.04 0.04
0 0.611328125 0.587890625 0.04 0.04
0 0.677734375 0.548828125 0.04 0.04
0 0.4609375 0.546875 0.04 0.04
0 0.734375 0.541015625 0.04 0.04
0 0.10546875 0.5390625 0.04 0.04
0 0.638671875 0.515625 0.04 0.04
0 0.294921875 0.513671875 0.04 0.04
0 0.236328125 0.5078125 0.04 0.04
0 0.435546875 0.505859375 0.04 0.04
0 0.59765625 0.490234375 0.04 0.04
0 0.291015625 0.470703125 0.04 0.04
0 0.9921875 0.46484375 0.04 0.04
0 0.505859375 0.462890625 0.04 0.04
0 0.822265625 0.439453125 0.04 0.04
0 0.53515625 0.439453125 0.04 0.04
0 0.212890625 0.41796875 0.04 0.04
0 0.509765625 0.400390625 0.04 0.04
0 0.45703125 0.396484375 0.04 0.04
0 0.50390625 0.357421875 0.04 0.04
0 0.96484375 0.34765625 0.04 0.04
0 0.580078125 0.34765625 0.04 0.04
0 0.83203125 0.328125 0.04 0.04
0 0.693359375 0.328125 0.04 0.04
0 0.412109375 0.3203125 0.04 0.04
0 0.50390625 0.306640625 0.04 0.04
0 0.3359375 0.302734375 0.04 0.04
0 0.876953125 0.298828125 0.04 0.04
0 0.48046875 0.294921875 0.04 0.04
0 0.46484375 0.27734375 0.04 0.04
0 0.966796875 0.255859375 0.04 0.04
0 0.251953125 0.248046875 0.04 0.04
0 0.6875 0.23828125 0.04 0.04
0 0.228515625 0.23828125 0.04 0.04
0 0.15625 0.232421875 0.04 0.04
0 0.224609375 0.22265625 0.04 0.04
0 0.822265625 0.21875 0.04 0.04
0 0.5546875 0.2109375 0.04 0.04
0 0.091796875 0.208984375 0.04 0.04
0 0.48046875 0.201171875 0.04 0.04
0 0.82421875 0.19140625 0.04 0.04
0 0.935546875 0.185546875 0.04 0.04
0 0.8125 0.177734375 0.04 0.04
0 0.607421875 0.173828125 0.04 0.04
0 0.947265625 0.171875 0.04 0.04
0 0.970703125 0.169921875 0.04 0.04
0 0.68359375 0.169921875 0.04 0.04
0 0.830078125 0.1484375 0.04 0.04
0 0.349609375 0.14453125 0.04 0.04
0 0.841796875 0.13671875 0.04 0.04
0 0.142578125 0.123046875 0.04 0.04
0 0.5 0.1171875 0.04 0.04
0 0.857421875 0.08203125 0.04 0.04
0 0.4609375 0.0703125 0.04 0.04
0 0.8125 0.052734375 0.04 0.04
0 0.603515625 0.041015625 0.04 0.04
0 0.478515625 0.0390625 0.04 0.04
0 0.123046875 0.015625 0.04 0.04
0 0.966796875 0.009765625 0.04 0.04
0 0.087890625 0.009765625 0.04 0.04
0 0.318359375 0.0 0.04 0.04
