0 0.365234375 0.865234375 0.04 0.04
0 0.56640625 0.830078125 0.04 0.04
0 0.279296875 0.81640625 0.04 0.04
0 0.640625 0.810546875 0.04 0.04
0 0.525390625 0.802734375 0.04 0.04
0 0.08203125 0.794921875 0.04 0.04
0 0.568359375 0.783203125 0.04 0.04
0 0.203125 0.78125 0.04 0.04
0 0.83984375 0.7734375 0.04 0.04
0 0.248046875 0.771484375 0.04 0.04
0 0.5859375 0.728515625 0.04 0.04
0 0.568359375 0.6875 0.04 0.04
0 0.0625 0.66796875 0.04 0.04
0 0.8359375 0.65625 0.04 0.04
0 0.61328125 0.6484375 0.04 0.04
0 0.771484375 0.59765625 0.04 0.04
0 0.9375 0.59375 0.04 0.04
0 0.021484375 0.59375 0.04 0.04
0 0.57421875 0.591796875 0.04 0.04
0 0.73046875 0.5859375 0.04 0.04
0 0.3125 0.552734375 0.04 0.04
0 0.96875 0.544921875 0.04 0.04
0 0.0546875 0.541015625 0.04 0.04
0 0.0078125 0.541015625 0.04 0.04
0 0.083984375 0.53125 0.04 0.04
0 0.791015625 0.51171875 0.04 0.04
0 0.888671875 0.50390625 0.04 0.04
0 0.03515625 0.478515625 0.04 0.04
0 0.365234375 0.474609375 0.04 0.04
0 0.3515625 0.474609375 0.04 0.04
0 0.0 0.47265625 0.04 0.04
0 0.140625 0.462890625 0.04 0.04
0 0.896484375 0.453125 0.04 0.04
0 0.169921875 0.447265625 0.04 0.04
0 0.853515625 0.44140625 0.04 0.04
0 0.89453125 0.392578125 0.04 0.04
0 0.361328125 0.392578125 0.04 0.04
0 0.32421875 0.37109375 0.04 0.04
0 0.138671875 0.361328125 0.04 0.04
0 0.890625 0.35546875 0.04 0.04
0 0.466796875 0.306640625 0.04 0.04
0 0.177734375 0.30078125 0.04 0.04
0 0.01953125 0.298828125 0.04 0.04
0 0.10546875 0.275390625 0.04 0.04
0 0.23046875 0.17578125 0.04 0.04
0 0.677734375 0.154296875 0.04 0.04
0 0.3984375 0.1484375 0.04 0.04
0 0.2734375 0.142578125 0.04 0.04
0 0.345703125 0.1328125 0.04 0.04
0 0.138671875 0.119140625 0.04 0.04
0 0.1640625 0.09765625 0.04 0.04
0 0.26953125 0.076171875 0.04 0.04
0 0.560546875 0.07421875 0.04 0.04
0 0.341796875 0.072265625 0.04 0.04
0 0.23046875 0.06640625 0.04 0.04
0 0.015625 0.048828125 0.04 0.04
