0 0.822265625 0.978515625 0.04 0.04
0 0.27734375 0.978515625 0.04 0.04
0 0.828125 0.96484375 0.04 0.04
0 0.751953125 0.955078125 0.04 0.04
0 0.083984375 0.939453125 0.04 0.04
0 0.73046875 0.927734375 0.04 0.04
0 0.58203125 0.92578125 0.04 0.04
0 0.1328125 0.92578125 0.04 0.04
0 0.798828125 0.919921875 0.04 0.04
0 0.12109375 0.90234375 0.04 0.04
0 0.357421875 0.89453125 0.04 0.04
0 0.1796875 0.8671875 0.04 0.04
0 0.953125 0.8515625 0.04 0.04
0 0.666015625 0.8515625 0.04 0.04
0 0.486328125 0.849609375 0.04 0.04
0 0.935546875 0.82421875 0.04 0.04
0 0.794921875 0.81640625 0.04 0.04
0 0.431640625 0.80078125 0.04 0.04
0 0.751953125 0.798828125 0.04 0.04
0 0.58203125 0.732421875 0.04 0.04
0 0.029296875 0.7109375 0.04 0.04
0 0.8046875 0.6875 0.04 0.04
0 0.0546875 0.68359375 0.04 0.04
0 0.732421875 0.6640625 0.04 0.04
0 0.998046875 0.654296875 0.04 0.04
