0 0.78515625 0.904296875 0.04 0.04
0 0.83203125 0.8828125 0.04 0.04
0 0.630859375 0.783203125 0.04 0.04
0 0.42578125 0.69140625 0.04 0.04
0 0.365234375 0.689453125 0.04 0.04
0 0.34765625 0.673828125 0.04 0.04
0 0.44140625 0.65625 0.04 0.04
0 0.998046875 0.47265625 0.04 0.04
0 0.201171875 0.4296875 0.04 0.04
0 0.98046875 0.408203125 0.04 0.04
0 0.15234375 0.408203125 0.04 0.04
0 0.03125 0.37109375 0.04 0.04
0 0.01953125 0.349609375 0.04 0.04
0 0.07421875 0.341796875 0.04 0.04
0 0.017578125 0.328125 0.04 0.04
0 0.64453125 0.314453125 0.04 0.04
0 0.498046875 0.306640625 0.04 0.04
0 0.64453125 0.28515625 0.04 0.04
0 0.755859375 0.25390625 0.04 0.04
0 0.50390625 0.25390625 0.04 0.04
0 0.798828125 0.251953125 0.04 0.04
0 0.455078125 0.205078125 0.04 0.04
0 0.484375 0.15625 0.04 0.04
0 0.453125 0.125 0.04 0.04
0 0.177734375 0.107421875 0.04 0.04
