0 0.037109375 0.927734375 0.04 0.04
0 0.1484375 0.923828125 0.04 0.04
0 0.212890625 0.916015625 0.04 0.04
0 0.830078125 0.8515625 0.04 0.04
0 0.064453125 0.775390625 0.04 0.04
0 0.669921875 0.693359375 0.04 0.04
0 0.11328125 0.681640625 0.04 0.04
0 0.0 0.6796875 0.04 0.04
0 0.326171875 0.669921875 0.04 0.04
0 0.0 0.6328125 0.04 0.04
0 0.330078125 0.490234375 0.04 0.04
0 0.353515625 0.46484375 0.04 0.04
0 0.359375 0.416015625 0.04 0.04
0 0.927734375 0.3828125 0.04 0.04
0 0.568359375 0.333984375 0.04 0.04
0 0.626953125 0.2734375 0.04 0.04
0 0.1171875 0.16015625 0.04 0.04
0 0.41796875 0.083984375 0.04 0.04
0 0.9765625 0.078125 0.04 0.04
0 0.5390625 0.015625 0.04 0.04
0 0.263671875 0.009765625 0.04 0.04
