0 0.26171875 0.951171875 0.04 0.04
0 0.1328125 0.9453125 0.04 0.04
0 0.0859375 0.93359375 0.04 0.04
0 0.259765625 0.927734375 0.04 0.04
0 0.296875 0.8984375 0.04 0.04
0 0.259765625 0.896484375 0.04 0.04
0 0.029296875 0.85546875 0.04 0.04
0 0.2890625 0.837890625 0.04 0.04
0 0.59375 0.810546875 0.04 0.04
0 0.427734375 0.8046875 0.04 0.04
0 0.388671875 0.802734375 0.04 0.04
0 0.3125 0.767578125 0.04 0.04
0 0.220703125 0.74609375 0.04 0.04
0 0.0859375 0.744140625 0.04 0.04
0 0.0234375 0.734375 0.04 0.04
0 0.494140625 0.724609375 0.04 0.04
0 0.388671875 0.71484375 0.04 0.04
0 0.50390625 0.703125 0.04 0.04
0 0.01171875 0.703125 0.04 0.04
0 0.025390625 0.625 0.04 0.04
0 0.521484375 0.599609375 0.04 0.04
0 0.306640625 0.580078125 0.04 0.04
0 0.158203125 0.56640625 0.04 0.04
0 0.21484375 0.5546875 0.04 0.04
0 0.126953125 0.55078125 0.04 0.04
0 0.853515625 0.533203125 0.04 0.04
0 0.509765625 0.509765625 0.04 0.04
0 0.8515625 0.5078125 0.04 0.04
0 0.970703125 0.49609375 0.04 0.04
0 0.4140625 0.478515625 0.04 0.04
0 0.14453125 0.466796875 0.04 0.04
0 0.9375 0.306640625 0.04 0.04
0 0.123046875 0.302734375 0.04 0.04
0 0.05078125 0.28515625 0.04 0.04
0 0.9765625 0.279296875 0.04 0.04
0 0.46484375 0.2578125 0.04 0.04
