0 0.33984375 0.955078125 0.04 0.04
0 0.595703125 0.9453125 0.04 0.04
0 0.75390625 0.939453125 0.04 0.04
0 0.765625 0.904296875 0.04 0.04
0 0.888671875 0.865234375 0.04 0.04
0 0.888671875 0.857421875 0.04 0.04
0 0.39453125 0.8359375 0.04 0.04
0 0.6171875 0.802734375 0.04 0.04
0 0.4453125 0.796875 0.04 0.04
0 0.4453125 0.7890625 0.04 0.04
0 0.650390625 0.78125 0.04 0.04
0 0.990234375 0.775390625 0.04 0.04
0 0.990234375 0.765625 0.04 0.04
0 0.681640625 0.759765625 0.04 0.04
0 0.419921875 0.697265625 0.04 0.04
0 0.99609375 0.68359375 0.04 0.04
0 0.994140625 0.671875 0.04 0.04
0 0.71484375 0.63671875 0.04 0.04
0 0.556640625 0.583984375 0.04 0.04
0 0.26171875 0.546875 0.04 0.04
0 0.845703125 0.4921875 0.04 0.04
0 0.943359375 0.484375 0.04 0.04
0 0.2265625 0.482421875 0.04 0.04
0 0.2265625 0.47265625 0.04 0.04
0 0.15625 0.458984375 0.04 0.04
0 0.849609375 0.44921875 0.04 0.04
0 0.6875 0.4375 0.04 0.04
0 0.015625 0.42578125 0.04 0.04
0 0.251953125 0.375 0.04 0.04
0 0.123046875 0.33984375 0.04 0.04
0 0.35546875 0.3125 0.04 0.04
0 0.22265625 0.275390625 0.04 0.04
0 0.134765625 0.2578125 0.04 0.04
0 0.439453125 0.244140625 0.04 0.04
0 0.53515625 0.234375 0.04 0.04
0 0.091796875 0.23046875 0.04 0.04
0 0.30078125 0.15234375 0.04 0.04
0 0.400390625 0.150390625 0.04 0.04
0 0.482421875 0.1484375 0.04 0.04
0 0.79296875 0.125 0.04 0.04
0 0.61328125 0.11328125 0.04 0.04
0 0.958984375 0.099609375 0.04 0.04
0 0.958984375 0.091796875 0.04 0.04
0 0.86328125 0.068359375 0.04 0.04
0 0.279296875 0.03515625 0.04 0.04
