0 0.318359375 0.998046875 0.04 0.04
0 0.6875 0.990234375 0.04 0.04
0 0.55859375 0.98046875 0.04 0.04
0 0.84765625 0.974609375 0.04 0.04
0 0.267578125 0.966796875 0.04 0.04
0 0.703125 0.9609375 0.04 0.04
0 0.8828125 0.95703125 0.04 0.04
0 0.861328125 0.955078125 0.04 0.04
0 0.08984375 0.953125 0.04 0.04
0 0.6015625 0.93359375 0.04 0.04
0 0.638671875 0.921875 0.04 0.04
0 0.955078125 0.91015625 0.04 0.04
0 0.7265625 0.90234375 0.04 0.04
0 0.65234375 0.900390625 0.04 0.04
0 0.630859375 0.89453125 0.04 0.04
0 0.7421875 0.880859375 0.04 0.04
0 0.916015625 0.876953125 0.04 0.04
0 0.185546875 0.85546875 0.04 0.04
0 0.923828125 0.8203125 0.04 0.04
0 0.568359375 0.8125 0.04 0.04
0 0.18359375 0.79296875 0.04 0.04
0 0.77734375 0.78515625 0.04 0.04
0 0.130859375 0.779296875 0.04 0.04
0 0.0390625 0.736328125 0.04 0.04
0 0.22265625 0.73046875 0.04 0.04
0 0.6953125 0.607421875 0.04 0.04
0 0.439453125 0.595703125 0.04 0.04
0 0.220703125 0.576171875 0.04 0.04
0 0.84765625 0.568359375 0.04 0.04
0 0.18359375 0.529296875 0.04 0.04
0 0.435546875 0.51953125 0.04 0.04
0 0.271484375 0.513671875 0.04 0.04
0 0.931640625 0.505859375 0.04 0.04
0 0.220703125 0.498046875 0.04 0.04
0 0.0 0.486328125 0.04 0.04
0 0.802734375 0.4296875 0.04 0.04
0 0.79296875 0.37890625 0.04 0.04
0 0.826171875 0.35546875 0.04 0.04
0 0.982421875 0.326171875 0.04 0.04
0 0.703125 0.32421875 0.04 0.04
0 0.52734375 0.267578125 0.04 0.04
0 0.736328125 0.23046875 0.04 0.04
0 0.953125 0.18359375 0.04 0.04
0 0.177734375 0.05078125 0.04 0.04
