0 0.669921875 0.998046875 0.04 0.04
0 0.779296875 0.9921875 0.04 0.04
0 0.13671875 0.884765625 0.04 0.04
0 0.095703125 0.869140625 0.04 0.04
0 0.966796875 0.861328125 0.04 0.04
0 0.1796875 0.859375 0.04 0.04
0 0.138671875 0.83984375 0.04 0.04
0 0.076171875 0.833984375 0.04 0.04
0 0.724609375 0.78125 0.04 0.04
0 0.029296875 0.779296875 0.04 0.04
0 0.9765625 0.75 0.04 0.04
0 0.919921875 0.650390625 0.04 0.04
0 0.1640625 0.517578125 0.04 0.04
0 0.16015625 0.408203125 0.04 0.04
0 0.16015625 0.345703125 0.04 0.04
