0 0.748046875 0.5 0.04 0.04
0 0.60546875 0.484375 0.04 0.04
0 0.34375 0.46875 0.04 0.04
0 0.763671875 0.443359375 0.04 0.04
0 0.80859375 0.427734375 0.04 0.04
0 0.8046875 0.34765625 0.04 0.04
0 0.755859375 0.326171875 0.04 0.04
0 0.888671875 0.318359375 0.04 0.04
0 0.701171875 0.318359375 0.04 0.04
0 0.845703125 0.314453125 0.04 0.04
0 0.55859375 0.302734375 0.04 0.04
0 0.642578125 0.298828125 0.04 0.04
0 0.169921875 0.26953125 0.04 0.04
0 0.08984375 0.263671875 0.04 0.04
0 0.8515625 0.228515625 0.04 0.04
0 0.34375 0.21484375 0.04 0.04
0 0.85546875 0.1875 0.04 0.04
0 0.8046875 0.185546875 0.04 0.04
0 0.59375 0.126953125 0.04 0.04
