0 0.732421875 0.6640625 0.04 0.04
0 0.708984375 0.658203125 0.04 0.04
0 0.69140625 0.603515625 0.04 0.04
0 0.759765625 0.6015625 0.04 0.04
0 0.71875 0.55859375 0.04 0.04
0 0.76171875 0.51171875 0.04 0.04
0 0.982421875 0.478515625 0.04 0.04
0 0.8125 0.46875 0.04 0.04
0 0.75390625 0.466796875 0.04 0.04
0 0.47265625 0.25390625 0.04 0.04
0 0.509765625 0.21875 0.04 0.04
0 0.826171875 0.2109375 0.04 0.04
0 0.55859375 0.20703125 0.04 0.04
0 0.697265625 0.154296875 0.04 0.04
0 0.580078125 0.138671875 0.04 0.04
0 0.8984375 0.13671875 0.04 0.04
0 0.67578125 0.134765625 0.04 0.04
0 0.79296875 0.130859375 0.04 0.04
0 0.54296875 0.125 0.04 0.04
0 0.748046875 0.1015625 0.04 0.04
0 0.724609375 0.072265625 0.04 0.04
