0 0.2265625 0.998046875 0.04 0.04
0 0.587890625 0.984375 0.04 0.04
0 0.62109375 0.978515625 0.04 0.04
0 0.177734375 0.921875 0.04 0.04
0 0.197265625 0.837890625 0.04 0.04
0 0.67578125 0.720703125 0.04 0.04
0 0.70703125 0.705078125 0.04 0.04
0 0.673828125 0.634765625 0.04 0.04
0 0.576171875 0.62890625 0.04 0.04
0 0.484375 0.62109375 0.04 0.04
0 0.208984375 0.599609375 0.04 0.04
0 0.123046875 0.583984375 0.04 0.04
0 0.1484375 0.578125 0.04 0.04
0 0.65625 0.568359375 0.04 0.04
0 0.376953125 0.56640625 0.04 0.04
0 0.615234375 0.552734375 0.04 0.04
0 0.65234375 0.51171875 0.04 0.04
0 0.462890625 0.4921875 0.04 0.04
0 0.529296875 0.46875 0.04 0.04
0 0.42578125 0.38671875 0.04 0.04
0 0.478515625 0.314453125 0.04 0.04
0 0.46875 0.310546875 0.04 0.04
