0 0.591796875 0.927734375 0.04 0.04
0 0.08203125 0.919921875 0.04 0.04
0 0.0 0.91015625 0.04 0.04
0 0.509765625 0.896484375 0.04 0.04
0 0.099609375 0.873046875 0.04 0.04
0 0.0703125 0.83984375 0.04 0.04
0 0.572265625 0.8203125 0.04 0.04
0 0.494140625 0.81640625 0.04 0.04
0 0.8515625 0.787109375 0.04 0.04
0 0.609375 0.71484375 0.04 0.04
0 0.333984375 0.70703125 0.04 0.04
0 0.08984375 0.68359375 0.04 0.04
0 0.3359375 0.640625 0.04 0.04
0 0.96484375 0.513671875 0.04 0.04
0 0.162109375 0.509765625 0.04 0.04
0 0.8671875 0.408203125 0.04 0.04
0 0.59375 0.306640625 0.04 0.04
0 0.7109375 0.236328125 0.04 0.04
0 0.794921875 0.201171875 0.04 0.04
0 0.765625 0.138671875 0.04 0.04
0 0.56640625 0.06640625 0.04 0.04
