0 0.638671875 0.998046875 0.04 0.04
0 0.716796875 0.986328125 0.04 0.04
0 0.548828125 0.982421875 0.04 0.04
0 0.7890625 0.978515625 0.04 0.04
0 0.591796875 0.9609375 0.04 0.04
0 0.591796875 0.93359375 0.04 0.04
0 0.455078125 0.90234375 0.04 0.04
0 0.541015625 0.890625 0.04 0.04
0 0.533203125 0.849609375 0.04 0.04
0 0.44921875 0.822265625 0.04 0.04
0 0.572265625 0.802734375 0.04 0.04
0 0.46484375 0.779296875 0.04 0.04
0 0.626953125 0.76953125 0.04 0.04
0 0.384765625 0.751953125 0.04 0.04
0 0.5 0.75 0.04 0.04
0 0.564453125 0.734375 0.04 0.04
0 0.28515625 0.69921875 0.04 0.04
0 0.57421875 0.67578125 0.04 0.04
0 0.478515625 0.669921875 0.04 0.04
0 0.431640625 0.634765625 0.04 0.04
0 0.3984375 0.626953125 0.04 0.04
0 0.2734375 0.615234375 0.04 0.04
0 0.32421875 0.609375 0.04 0.04
0 0.5 0.59375 0.04 0.04
0 0.3046875 0.5703125 0.04 0.04
0 0.423828125 0.56640625 0.04 0.04
0 0.201171875 0.56640625 0.04 0.04
0 0.376953125 0.55859375 0.04 0.04
0 0.234375 0.556640625 0.04 0.04
0 0.302734375 0.55078125 0.04 0.04
0 0.408203125 0.515625 0.04 0.04
0 0.31640625 0.5078125 0.04 0.04
0 0.31640625 0.494140625 0.04 0.04
0 0.125 0.494140625 0.04 0.04
0 0.27734375 0.4765625 0.04 0.04
0 0.294921875 0.4375 0.04 0.04
0 0.208984375 0.43359375 0.04 0.04
0 0.162109375 0.423828125 0.04 0.04
0 0.228515625 0.408203125 0.04 0.04
0 0.197265625 0.400390625 0.04 0.04
0 0.12890625 0.400390625 0.04 0.04
0 0.111328125 0.375 0.04 0.04
0 0.275390625 0.3671875 0.04 0.04
0 0.373046875 0.361328125 0.04 0.04
0 0.201171875 0.35546875 0.04 0.04
0 0.23828125 0.353515625 0.04 0.04
0 0.091796875 0.353515625 0.04 0.04
0 0.5 0.330078125 0.04 0.04
0 0.126953125 0.318359375 0.04 0.04
0 0.05078125 0.30859375 0.04 0.04
0 0.111328125 0.294921875 0.04 0.04
0 0.04296875 0.255859375 0.04 0.04
0 0.15625 0.216796875 0.04 0.04
0 0.767578125 0.2109375 0.04 0.04
0 0.1953125 0.2109375 0.04 0.04
0 0.0 0.203125 0.04 0.04
