0 0.4296875 0.998046875 0.04 0.04
0 0.09765625 0.974609375 0.04 0.04
0 0.12890625 0.927734375 0.04 0.04
0 0.6875 0.908203125 0.04 0.04
0 0.224609375 0.830078125 0.04 0.04
0 0.875 0.80078125 0.04 0.04
0 0.78515625 0.771484375 0.04 0.04
0 0.67578125 0.76171875 0.04 0.04
0 0.962890625 0.70703125 0.04 0.04
0 0.94140625 0.6953125 0.04 0.04
0 0.423828125 0.6953125 0.04 0.04
0 0.1328125 0.6875 0.04 0.04
0 0.8515625 0.685546875 0.04 0.04
0 0.1953125 0.671875 0.04 0.04
0 0.087890625 0.638671875 0.04 0.04
0 0.69921875 0.580078125 0.04 0.04
0 0.646484375 0.552734375 0.04 0.04
0 0.94140625 0.546875 0.04 0.04
0 0.1015625 0.546875 0.04 0.04
0 0.435546875 0.49609375 0.04 0.04
0 0.494140625 0.453125 0.04 0.04
0 0.05859375 0.416015625 0.04 0.04
0 0.466796875 0.357421875 0.04 0.04
0 0.080078125 0.248046875 0.04 0.04
0 0.15234375 0.244140625 0.04 0.04
0 0.236328125 0.23828125 0.04 0.04
0 0.279296875 0.220703125 0.04 0.04
0 0.189453125 0.205078125 0.04 0.04
0 0.439453125 0.189453125 0.04 0.04
0 0.408203125 0.189453125 0.04 0.04
0 0.271484375 0.185546875 0.04 0.04
0 0.21875 0.17578125 0.04 0.04
0 0.23046875 0.10546875 0.04 0.04
