0 0.951171875 0.353515625 0.04 0.04
0 0.734375 0.333984375 0.04 0.04
0 0.939453125 0.271484375 0.04 0.04
0 0.876953125 0.26953125 0.04 0.04
0 0.931640625 0.21484375 0.04 0.04
0 0.998046875 0.203125 0.04 0.04
0 0.828125 0.1875 0.04 0.04
0 0.78515625 0.1640625 0.04 0.04
0 0.869140625 0.15234375 0.04 0.04
0 0.6875 0.150390625 0.04 0.04
0 0.896484375 0.12890625 0.04 0.04
0 0.685546875 0.1171875 0.04 0.04
0 0.837890625 0.10546875 0.04 0.04
0 0.947265625 0.1015625 0.04 0.04
0 0.802734375 0.095703125 0.04 0.04
0 0.826171875 0.0859375 0.04 0.04
0 0.916015625 0.080078125 0.04 0.04
0 0.759765625 0.076171875 0.04 0.04
0 0.841796875 0.0625 0.04 0.04
0 0.71875 0.0625 0.04 0.04
0 0.794921875 0.013671875 0.04 0.04
