0 0.431640625 0.931640625 0.04 0.04
0 0.40234375 0.900390625 0.04 0.04
0 0.451171875 0.8125 0.04 0.04
0 0.662109375 0.771484375 0.04 0.04
0 0.466796875 0.564453125 0.04 0.04
0 0.833984375 0.552734375 0.04 0.04
0 0.330078125 0.412109375 0.04 0.04
0 0.21875 0.408203125 0.04 0.04
0 0.666015625 0.376953125 0.04 0.04
0 0.123046875 0.353515625 0.04 0.04
0 0.884765625 0.263671875 0.04 0.04
0 0.693359375 0.154296875 0.04 0.04
0 0.591796875 0.10546875 0.04 0.04
0 0.982421875 0.099609375 0.04 0.04
0 0.8515625 0.04296875 0.04 0.04
