0 0.5859375 0.796875 0.04 0.04
0 0.3671875 0.767578125 0.04 0.04
0 0.2890625 0.7265625 0.04 0.04
0 0.78515625 0.720703125 0.04 0.04
0 0.6640625 0.708984375 0.04 0.04
0 0.513671875 0.619140625 0.04 0.04
0 0.203125 0.61328125 0.04 0.04
0 0.513671875 0.609375 0.04 0.04
0 0.708984375 0.59765625 0.04 0.04
0 0.708984375 0.5859375 0.04 0.04
0 0.4296875 0.544921875 0.04 0.04
0 0.943359375 0.5390625 0.04 0.04
0 0.33203125 0.462890625 0.04 0.04
0 0.59375 0.4453125 0.04 0.04
0 0.705078125 0.408203125 0.04 0.04
0 0.904296875 0.396484375 0.04 0.04
0 0.994140625 0.388671875 0.04 0.04
0 0.9921875 0.380859375 0.04 0.04
0 0.453125 0.328125 0.04 0.04
0 0.453125 0.3203125 0.04 0.04
0 0.7109375 0.298828125 0.04 0.04
0 0.2890625 0.28125 0.04 0.04
0 0.2890625 0.26953125 0.04 0.04
0 0.703125 0.244140625 0.04 0.04
0 0.3515625 0.220703125 0.04 0.04
0 0.3515625 0.2109375 0.04 0.04
0 0.708984375 0.123046875 0.04 0.04
0 0.314453125 0.056640625 0.04 0.04
0 0.671875 0.041015625 0.04 0.04
