0 0.998046875 0.966796875 0.04 0.04
0 0.73828125 0.896484375 0.04 0.04
0 0.888671875 0.8671875 0.04 0.04
0 0.69140625 0.8203125 0.04 0.04
0 0.744140625 0.796875 0.04 0.04
0 0.4921875 0.767578125 0.04 0.04
0 0.669921875 0.720703125 0.04 0.04
0 0.208984375 0.712890625 0.04 0.04
0 0.26171875 0.69921875 0.04 0.04
0 0.34765625 0.66796875 0.04 0.04
0 0.890625 0.662109375 0.04 0.04
0 0.8203125 0.662109375 0.04 0.04
0 0.19140625 0.654296875 0.04 0.04
0 0.1640625 0.57421875 0.04 0.04
0 0.5234375 0.537109375 0.04 0.04
0 0.287109375 0.240234375 0.04 0.04
0 0.123046875 0.19921875 0.04 0.04
0 0.265625 0.130859375 0.04 0.04
0 0.626953125 0.10546875 0.04 0.04
0 0.228515625 0.048828125 0.04 0.04
0 0.62890625 0.009765625 0.04 0.04
