0 0.056640625 0.982421875 0.04 0.04
0 0.2734375 0.939453125 0.04 0.04
0 0.3515625 0.91015625 0.04 0.04
0 0.291015625 0.888671875 0.04 0.04
0 0.431640625 0.87890625 0.04 0.04
0 0.521484375 0.8515625 0.04 0.04
0 0.408203125 0.796875 0.04 0.04
0 0.484375 0.78125 0.04 0.04
0 0.048828125 0.583984375 0.04 0.04
0 0.3125 0.5703125 0.04 0.04
0 0.43359375 0.5625 0.04 0.04
0 0.16015625 0.552734375 0.04 0.04
0 0.2109375 0.521484375 0.04 0.04
0 0.134765625 0.505859375 0.04 0.04
0 0.033203125 0.501953125 0.04 0.04
0 0.091796875 0.498046875 0.04 0.04
0 0.244140625 0.44140625 0.04 0.04
0 0.208984375 0.43359375 0.04 0.04
0 0.109375 0.416015625 0.04 0.04
0 0.130859375 0.1328125 0.04 0.04
