0 0.4765625 0.962890625 0.04 0.04
0 0.984375 0.46484375 0.04 0.04
0 0.388671875 0.37109375 0.04 0.04
0 0.4921875 0.345703125 0.04 0.04
0 0.80078125 0.298828125 0.04 0.04
0 0.474609375 0.287109375 0.04 0.04
0 0.48828125 0.26171875 0.04 0.04
0 0.658203125 0.255859375 0.04 0.04
0 0.51171875 0.2265625 0.04 0.04
0 0.537109375 0.197265625 0.04 0.04
0 0.5625 0.1796875 0.04 0.04
0 0.29296875 0.171875 0.04 0.04
0 0.65234375 0.15234375 0.04 0.04
0 0.615234375 0.138671875 0.04 0.04
0 0.244140625 0.13671875 0.04 0.04
0 0.3046875 0.12109375 0.04 0.04
0 0.2734375 0.11328125 0.04 0.04
0 0.083984375 0.048828125 0.04 0.04
0 0.310546875 0.015625 0.04 0.04
0 0.14453125 0.0078125 0.04 0.04
0 0.443359375 0.0 0.04 0.04
