0 0.880859375 0.873046875 0.04 0.04
0 0.947265625 0.869140625 0.04 0.04
0 0.556640625 0.763671875 0.04 0.04
0 0.9296875 0.728515625 0.04 0.04
0 0.7734375 0.724609375 0.04 0.04
0 0.556640625 0.693359375 0.04 0.04
0 0.638671875 0.669921875 0.04 0.04
0 0.689453125 0.60546875 0.04 0.04
0 0.837890625 0.580078125 0.04 0.04
0 0.646484375 0.4609375 0.04 0.04
0 0.615234375 0.416015625 0.04 0.04
0 0.84765625 0.392578125 0.04 0.04
0 0.69921875 0.259765625 0.04 0.04
0 0.361328125 0.259765625 0.04 0.04
0 0.38671875 0.181640625 0.04 0.04
0 0.5625 0.17578125 0.04 0.04
0 0.611328125 0.169921875 0.04 0.04
0 0.591796875 0.1171875 0.04 0.04
0 0.375 0.076171875 0.04 0.04
0 0.521484375 0.07421875 0.04 0.04
0 0.5625 0.044921875 0.04 0.04
