0 0.654296875 0.9296875 0.04 0.04
0 0.673828125 0.89453125 0.04 0.04
0 0.51171875 0.822265625 0.04 0.04
0 0.50390625 0.791015625 0.04 0.04
0 0.525390625 0.759765625 0.04 0.04
0 0.447265625 0.73046875 0.04 0.04
0 0.412109375 0.705078125 0.04 0.04
0 0.34375 0.626953125 0.04 0.04
0 0.287109375 0.61328125 0.04 0.04
0 0.357421875 0.59765625 0.04 0.04
0 0.314453125 0.587890625 0.04 0.04
0 0.205078125 0.578125 0.04 0.04
0 0.271484375 0.552734375 0.04 0.04
0 0.1640625 0.533203125 0.04 0.04
0 0.390625 0.515625 0.04 0.04
0 0.193359375 0.505859375 0.04 0.04
0 0.267578125 0.44921875 0.04 0.04
0 0.123046875 0.44140625 0.04 0.04
0 0.11328125 0.427734375 0.04 0.04
0 0.193359375 0.33984375 0.04 0.04
0 0.10546875 0.32421875 0.04 0.04
0 0.09765625 0.2734375 0.04 0.04
