0 0.93359375 0.76171875 0.04 0.04
0 0.689453125 0.572265625 0.04 0.04
0 0.859375 0.546875 0.04 0.04
0 0.7578125 0.41796875 0.04 0.04
0 0.890625 0.40625 0.04 0.04
0 0.931640625 0.392578125 0.04 0.04
0 0.859375 0.384765625 0.04 0.04
0 0.91796875 0.3828125 0.04 0.04
0 0.830078125 0.361328125 0.04 0.04
0 0.935546875 0.294921875 0.04 0.04
0 0.927734375 0.267578125 0.04 0.04
0 0.806640625 0.265625 0.04 0.04
0 0.892578125 0.22265625 0.04 0.04
0 0.8125 0.21484375 0.04 0.04
0 0.9296875 0.20703125 0.04 0.04
0 0.53515625 0.201171875 0.04 0.04
0 0.861328125 0.1875 0.04 0.04
0 0.806640625 0.173828125 0.04 0.04
0 0.931640625 0.158203125 0.04 0.04
0 0.900390625 0.158203125 0.04 0.04
0 0.826171875 0.140625 0.04 0.04
0 0.638671875 0.125 0.04 0.04
0 0.701171875 0.08984375 0.04 0.04
0 0.771484375 0.087890625 0.04 0.04
0 0.837890625 0.015625 0.04 0.04
