0 0.958984375 0.96484375 0.04 0.04
0 0.6328125 0.95703125 0.04 0.04
0 0.779296875 0.927734375 0.04 0.04
0 0.91796875 0.91796875 0.04 0.04
0 0.537109375 0.822265625 0.04 0.04
0 0.7890625 0.814453125 0.04 0.04
0 0.810546875 0.7890625 0.04 0.04
0 0.9765625 0.765625 0.04 0.04
0 0.474609375 0.740234375 0.04 0.04
0 0.958984375 0.7109375 0.04 0.04
0 0.92578125 0.646484375 0.04 0.04
0 0.6484375 0.642578125 0.04 0.04
0 0.408203125 0.63671875 0.04 0.04
0 0.3125 0.513671875 0.04 0.04
0 0.36328125 0.505859375 0.04 0.04
0 0.625 0.4375 0.04 0.04
0 0.693359375 0.392578125 0.04 0.04
0 0.908203125 0.37890625 0.04 0.04
0 0.970703125 0.365234375 0.04 0.04
0 0.2421875 0.333984375 0.04 0.04
0 0.48046875 0.328125 0.04 0.04
0 0.947265625 0.32421875 0.04 0.04
0 0.88671875 0.32421875 0.04 0.04
0 0.794921875 0.32421875 0.04 0.04
0 0.62890625 0.302734375 0.04 0.04
0 0.564453125 0.28515625 0.04 0.04
0 0.685546875 0.271484375 0.04 0.04
0 0.578125 0.25390625 0.04 0.04
0 0.103515625 0.236328125 0.04 0.04
0 0.26171875 0.20703125 0.04 0.04
0 0.634765625 0.126953125 0.04 0.04
0 0.16796875 0.107421875 0.04 0.04
0 0.15234375 0.07421875 0.04 0.04
0 0.33203125 0.01171875 0.04 0.04
