0 0.88671875 0.78125 0.04 0.04
0 0.953125 0.7734375 0.04 0.04
0 0.421875 0.748046875 0.04 0.04
0 0.408203125 0.595703125 0.04 0.04
0 0.033203125 0.46484375 0.04 0.04
0 0.0859375 0.419921875 0.04 0.04
0 0.501953125 0.3203125 0.04 0.04
0 0.5546875 0.279296875 0.04 0.04
0 0.66796875 0.21875 0.04 0.04
0 0.91015625 0.15234375 0.04 0.04
0 0.87890625 0.095703125 0.04 0.04
0 0.68359375 0.08203125 0.04 0.04
0 0.986328125 0.07421875 0.04 0.04
0 0.923828125 0.0625 0.04 0.04
0 0.474609375 0.03125 0.04 0.04
0 0.669921875 0.029296875 0.04 0.04
0 0.4296875 0.0 0.04 0.04
