0 0.62109375 0.9609375 0.04 0.04
0 0.60546875 0.947265625 0.04 0.04
0 0.728515625 0.943359375 0.04 0.04
0 0.55859375 0.892578125 0.04 0.04
0 0.53515625 0.8125 0.04 0.04
0 0.787109375 0.787109375 0.04 0.04
0 0.537109375 0.765625 0.04 0.04
0 0.556640625 0.751953125 0.04 0.04
0 0.689453125 0.75 0.04 0.04
0 0.884765625 0.73828125 0.04 0.04
0 0.701171875 0.736328125 0.04 0.04
0 0.78125 0.728515625 0.04 0.04
0 0.7265625 0.7265625 0.04 0.04
0 0.6484375 0.705078125 0.04 0.04
0 0.900390625 0.68359375 0.04 0.04
0 0.859375 0.681640625 0.04 0.04
0 0.26953125 0.10546875 0.04 0.04
0 0.056640625 0.068359375 0.04 0.04
0 0.67578125 0.04296875 0.04 0.04
0 0.291015625 0.0 0.04 0.04
