0 0.060546875 0.771484375 0.04 0.04
0 0.029296875 0.767578125 0.04 0.04
0 0.0 0.705078125 0.04 0.04
0 0.3203125 0.69921875 0.04 0.04
0 0.314453125 0.666015625 0.04 0.04
0 0.142578125 0.638671875 0.04 0.04
0 0.388671875 0.6328125 0.04 0.04
0 0.630859375 0.626953125 0.04 0.04
0 0.669921875 0.619140625 0.04 0.04
0 0.447265625 0.619140625 0.04 0.04
0 0.197265625 0.615234375 0.04 0.04
0 0.58984375 0.609375 0.04 0.04
0 0.77734375 0.607421875 0.04 0.04
0 0.716796875 0.59375 0.04 0.04
0 0.552734375 0.583984375 0.04 0.04
0 0.6015625 0.578125 0.04 0.04
0 0.330078125 0.564453125 0.04 0.04
0 0.736328125 0.55859375 0.04 0.04
0 0.287109375 0.546875 0.04 0.04
0 0.310546875 0.53515625 0.04 0.04
0 0.037109375 0.501953125 0.04 0.04
0 0.923828125 0.48046875 0.04 0.04
0 0.431640625 0.43359375 0.04 0.04
0 0.337890625 0.416015625 0.04 0.04
0 0.599609375 0.38671875 0.04 0.04
0 0.962890625 0.37109375 0.04 0.04
0 0.7421875 0.33984375 0.04 0.04
0 0.458984375 0.3125 0.04 0.04
0 0.37109375 0.298828125 0.04 0.04
0 0.953125 0.29296875 0.04 0.04
0 0.333984375 0.26953125 0.04 0.04
0 0.353515625 0.236328125 0.04 0.04
0 0.794921875 0.2265625 0.04 0.04
0 0.373046875 0.119140625 0.04 0.04
0 0.822265625 0.08984375 0.04 0.04
