0 0.998046875 0.744140625 0.04 0.04
0 0.998046875 0.72265625 0.04 0.04
0 0.765625 0.63671875 0.04 0.04
0 0.353515625 0.63671875 0.04 0.04
0 0.294921875 0.59765625 0.04 0.04
0 0.39453125 0.583984375 0.04 0.04
0 0.486328125 0.5703125 0.04 0.04
0 0.607421875 0.564453125 0.04 0.04
0 0.212890625 0.55078125 0.04 0.04
0 0.693359375 0.546875 0.04 0.04
0 0.140625 0.54296875 0.04 0.04
0 0.25390625 0.517578125 0.04 0.04
0 0.685546875 0.509765625 0.04 0.04
0 0.4296875 0.490234375 0.04 0.04
0 0.017578125 0.490234375 0.04 0.04
0 0.41015625 0.4765625 0.04 0.04
0 0.26171875 0.474609375 0.04 0.04
0 0.703125 0.439453125 0.04 0.04
0 0.50390625 0.4375 0.04 0.04
0 0.62890625 0.427734375 0.04 0.04
0 0.873046875 0.419921875 0.04 0.04
0 0.4609375 0.419921875 0.04 0.04
0 0.302734375 0.419921875 0.04 0.04
0 0.173828125 0.41015625 0.04 0.04
0 0.736328125 0.3984375 0.04 0.04
0 0.466796875 0.396484375 0.04 0.04
0 0.935546875 0.3828125 0.04 0.04
0 0.6015625 0.375 0.04 0.04
0 0.908203125 0.369140625 0.04 0.04
0 0.04296875 0.359375 0.04 0.04
0 0.5859375 0.35546875 0.04 0.04
0 0.47265625 0.337890625 0.04 0.04
0 0.30078125 0.330078125 0.04 0.04
0 0.830078125 0.328125 0.04 0.04
0 0.119140625 0.3125 0.04 0.04
0 0.84765625 0.306640625 0.04 0.04
0 0.611328125 0.296875 0.04 0.04
0 0.29296875 0.287109375 0.04 0.04
0 0.763671875 0.283203125 0.04 0.04
0 0.427734375 0.26953125 0.04 0.04
0 0.751953125 0.267578125 0.04 0.04
0 0.671875 0.25390625 0.04 0.04
0 0.998046875 0.248046875 0.04 0.04
0 0.693359375 0.244140625 0.04 0.04
0 0.404296875 0.23046875 0.04 0.04
0 0.986328125 0.228515625 0.04 0.04
0 0.734375 0.2265625 0.04 0.04
0 0.927734375 0.216796875 0.04 0.04
0 0.333984375 0.208984375 0.04 0.04
0 0.921875 0.201171875 0.04 0.04
0 0.0625 0.12890625 0.04 0.04
