0 0.0234375 0.853515625 0.04 0.04
0 0.3828125 0.8359375 0.04 0.04
0 0.044921875 0.775390625 0.04 0.04
0 0.44921875 0.76953125 0.04 0.04
0 0.10546875 0.75 0.04 0.04
0 0.32421875 0.7421875 0.04 0.04
0 0.521484375 0.7265625 0.04 0.04
0 0.34375 0.71484375 0.04 0.04
0 0.078125 0.71484375 0.04 0.04
0 0.3828125 0.705078125 0.04 0.04
0 0.205078125 0.703125 0.04 0.04
0 0.0 0.697265625 0.04 0.04
0 0.44140625 0.69140625 0.04 0.04
0 0.94921875 0.68359375 0.04 0.04
0 0.193359375 0.68359375 0.04 0.04
0 0.5078125 0.681640625 0.04 0.04
0 0.357421875 0.681640625 0.04 0.04
0 0.416015625 0.67578125 0.04 0.04
0 0.21484375 0.658203125 0.04 0.04
0 0.4609375 0.65234375 0.04 0.04
0 0.162109375 0.65234375 0.04 0.04
0 0.56640625 0.650390625 0.04 0.04
0 0.7890625 0.638671875 0.04 0.04
0 0.5 0.638671875 0.04 0.04
0 0.82421875 0.6328125 0.04 0.04
0 0.05859375 0.6328125 0.04 0.04
0 0.0 0.62890625 0.04 0.04
0 0.15234375 0.626953125 0.04 0.04
0 0.5625 0.625 0.04 0.04
0 0.3828125 0.615234375 0.04 0.04
0 0.7578125 0.609375 0.04 0.04
0 0.89453125 0.599609375 0.04 0.04
0 0.072265625 0.59375 0.04 0.04
0 0.33984375 0.591796875 0.04 0.04
0 0.138671875 0.591796875 0.04 0.04
0 0.849609375 0.580078125 0.04 0.04
0 0.423828125 0.580078125 0.04 0.04
0 0.21484375 0.580078125 0.04 0.04
0 0.759765625 0.572265625 0.04 0.04
0 0.0703125 0.572265625 0.04 0.04
0 0.400390625 0.568359375 0.04 0.04
0 0.142578125 0.5625 0.04 0.04
0 0.865234375 0.556640625 0.04 0.04
0 0.302734375 0.556640625 0.04 0.04
0 0.41796875 0.5546875 0.04 0.04
0 0.0390625 0.5546875 0.04 0.04
0 0.314453125 0.53515625 0.04 0.04
0 0.376953125 0.533203125 0.04 0.04
0 0.34765625 0.533203125 0.04 0.04
0 0.021484375 0.533203125 0.04 0.04
0 0.72265625 0.5234375 0.04 0.04
0 0.447265625 0.5234375 0.04 0.04
0 0.330078125 0.51953125 0.04 0.04
0 0.302734375 0.51171875 0.04 0.04
0 0.19921875 0.51171875 0.04 0.04
0 0.83203125 0.509765625 0.04 0.04
0 0.509765625 0.501953125 0.04 0.04
0 0.146484375 0.490234375 0.04 0.04
0 0.23046875 0.48828125 0.04 0.04
0 0.837890625 0.486328125 0.04 0.04
0 0.3515625 0.484375 0.04 0.04
0 0.697265625 0.482421875 0.04 0.04
0 0.443359375 0.48046875 0.04 0.04
0 0.404296875 0.466796875 0.04 0.04
0 0.6171875 0.462890625 0.04 0.04
0 0.435546875 0.462890625 0.04 0.04
0 0.5234375 0.4609375 0.04 0.04
0 0.75 0.458984375 0.04 0.04
0 0.78125 0.455078125 0.04 0.04
0 0.84375 0.447265625 0.04 0.04
0 0.513671875 0.4453125 0.04 0.04
0 0.19921875 0.423828125 0.04 0.04
0 0.087890625 0.41796875 0.04 0.04
0 0.291015625 0.4140625 0.04 0.04
0 0.3203125 0.404296875 0.04 0.04
0 0.8984375 0.396484375 0.04 0.04
0 0.568359375 0.390625 0.04 0.04
0 0.4375 0.388671875 0.04 0.04
0 0.185546875 0.384765625 0.04 0.04
0 0.419921875 0.373046875 0.04 0.04
0 0.45703125 0.3671875 0.04 0.04
0 0.25 0.3671875 0.04 0.04
0 0.3828125 0.36328125 0.04 0.04
0 0.431640625 0.33984375 0.04 0.04
