0 0.998046875 0.998046875 0.04 0.04
0 0.322265625 0.896484375 0.04 0.04
0 0.998046875 0.865234375 0.04 0.04
0 0.810546875 0.84765625 0.04 0.04
0 0.310546875 0.84375 0.04 0.04
0 0.189453125 0.80078125 0.04 0.04
0 0.88671875 0.73828125 0.04 0.04
0 0.9296875 0.728515625 0.04 0.04
0 0.564453125 0.65625 0.04 0.04
0 0.541015625 0.51171875 0.04 0.04
0 0.4375 0.501953125 0.04 0.04
0 0.76953125 0.48046875 0.04 0.04
0 0.435546875 0.462890625 0.04 0.04
0 0.82421875 0.392578125 0.04 0.04
0 0.966796875 0.279296875 0.04 0.04
0 0.470703125 0.220703125 0.04 0.04
0 0.162109375 0.19140625 0.04 0.04
0 0.16015625 0.083984375 0.04 0.04
0 0.369140625 0.037109375 0.04 0.04
0 0.755859375 0.013671875 0.04 0.04
