0 0.115234375 0.85546875 0.04 0.04
0 0.126953125 0.794921875 0.04 0.04
0 0.037109375 0.759765625 0.04 0.04
0 0.24609375 0.7265625 0.04 0.04
0 0.2890625 0.72265625 0.04 0.04
0 0.79296875 0.7109375 0.04 0.04
0 0.13671875 0.701171875 0.04 0.04
0 0.23046875 0.681640625 0.04 0.04
0 0.849609375 0.677734375 0.04 0.04
0 0.705078125 0.677734375 0.04 0.04
0 0.373046875 0.669921875 0.04 0.04
0 0.1171875 0.64453125 0.04 0.04
0 0.0703125 0.64453125 0.04 0.04
0 0.298828125 0.642578125 0.04 0.04
0 0.826171875 0.634765625 0.04 0.04
0 0.33203125 0.6328125 0.04 0.04
0 0.865234375 0.62890625 0.04 0.04
0 0.65625 0.611328125 0.04 0.04
0 0.416015625 0.611328125 0.04 0.04
0 0.353515625 0.568359375 0.04 0.04
0 0.1484375 0.568359375 0.04 0.04
0 0.45703125 0.546875 0.04 0.04
0 0.31640625 0.529296875 0.04 0.04
0 0.15625 0.525390625 0.04 0.04
0 0.21484375 0.51171875 0.04 0.04
0 0.873046875 0.498046875 0.04 0.04
0 0.25 0.498046875 0.04 0.04
0 0.1484375 0.498046875 0.04 0.04
0 0.4375 0.486328125 0.04 0.04
0 0.138671875 0.45703125 0.04 0.04
0 0.791015625 0.453125 0.04 0.04
0 0.2421875 0.427734375 0.04 0.04
0 0.62109375 0.423828125 0.04 0.04
0 0.525390625 0.412109375 0.04 0.04
0 0.205078125 0.388671875 0.04 0.04
0 0.44140625 0.384765625 0.04 0.04
0 0.349609375 0.37890625 0.04 0.04
0 0.23828125 0.34765625 0.04 0.04
0 0.56640625 0.341796875 0.04 0.04
0 0.162109375 0.33984375 0.04 0.04
0 0.041015625 0.296875 0.04 0.04
0 0.21875 0.294921875 0.04 0.04
0 0.564453125 0.29296875 0.04 0.04
0 0.3359375 0.26953125 0.04 0.04
0 0.38671875 0.244140625 0.04 0.04
