0 0.2890625 0.998046875 0.04 0.04
0 0.611328125 0.98046875 0.04 0.04
0 0.53515625 0.92578125 0.04 0.04
0 0.20703125 0.921875 0.04 0.04
0 0.26171875 0.916015625 0.04 0.04
0 0.2734375 0.90234375 0.04 0.04
0 0.318359375 0.896484375 0.04 0.04
0 0.640625 0.892578125 0.04 0.04
0 0.76171875 0.890625 0.04 0.04
0 0.255859375 0.88671875 0.04 0.04
0 0.728515625 0.880859375 0.04 0.04
0 0.57421875 0.86328125 0.04 0.04
0 0.74609375 0.8515625 0.04 0.04
0 0.65625 0.830078125 0.04 0.04
0 0.962890625 0.826171875 0.04 0.04
0 0.560546875 0.814453125 0.04 0.04
0 0.767578125 0.810546875 0.04 0.04
0 0.7421875 0.80859375 0.04 0.04
0 0.830078125 0.798828125 0.04 0.04
0 0.646484375 0.798828125 0.04 0.04
0 0.873046875 0.796875 0.04 0.04
0 0.533203125 0.796875 0.04 0.04
0 0.681640625 0.79296875 0.04 0.04
0 0.599609375 0.79296875 0.04 0.04
0 0.712890625 0.78515625 0.04 0.04
0 0.646484375 0.77734375 0.04 0.04
0 0.990234375 0.76953125 0.04 0.04
0 0.720703125 0.76171875 0.04 0.04
0 0.34375 0.76171875 0.04 0.04
0 0.80078125 0.7578125 0.04 0.04
0 0.193359375 0.7578125 0.04 0.04
0 0.9140625 0.755859375 0.04 0.04
0 0.748046875 0.744140625 0.04 0.04
0 0.529296875 0.73828125 0.04 0.04
0 0.71875 0.736328125 0.04 0.04
0 0.482421875 0.73046875 0.04 0.04
0 0.796875 0.71875 0.04 0.04
0 0.693359375 0.71484375 0.04 0.04
0 0.998046875 0.697265625 0.04 0.04
0 0.94921875 0.693359375 0.04 0.04
0 0.6796875 0.69140625 0.04 0.04
0 0.869140625 0.689453125 0.04 0.04
0 0.62890625 0.685546875 0.04 0.04
0 0.23828125 0.666015625 0.04 0.04
0 0.513671875 0.6640625 0.04 0.04
0 0.96875 0.662109375 0.04 0.04
0 0.466796875 0.662109375 0.04 0.04
0 0.82421875 0.638671875 0.04 0.04
0 0.349609375 0.63671875 0.04 0.04
0 0.994140625 0.62890625 0.04 0.04
0 0.908203125 0.607421875 0.04 0.04
0 0.966796875 0.595703125 0.04 0.04
0 0.568359375 0.58984375 0.04 0.04
0 0.76171875 0.576171875 0.04 0.04
0 0.962890625 0.568359375 0.04 0.04
0 0.818359375 0.568359375 0.04 0.04
0 0.794921875 0.560546875 0.04 0.04
0 0.96484375 0.55078125 0.04 0.04
0 0.873046875 0.548828125 0.04 0.04
0 0.904296875 0.53125 0.04 0.04
0 0.837890625 0.52734375 0.04 0.04
0 0.67578125 0.52734375 0.04 0.04
