0 0.966796875 0.9765625 0.04 0.04
0 0.45703125 0.962890625 0.04 0.04
0 0.763671875 0.91015625 0.04 0.04
0 0.166015625 0.87890625 0.04 0.04
0 0.625 0.869140625 0.04 0.04
0 0.74609375 0.857421875 0.04 0.04
0 0.62890625 0.828125 0.04 0.04
0 0.2265625 0.77734375 0.04 0.04
0 0.328125 0.71875 0.04 0.04
0 0.626953125 0.6953125 0.04 0.04
0 0.49609375 0.693359375 0.04 0.04
0 0.56640625 0.69140625 0.04 0.04
0 0.59765625 0.68359375 0.04 0.04
0 0.71875 0.67578125 0.04 0.04
0 0.6640625 0.669921875 0.04 0.04
0 0.568359375 0.669921875 0.04 0.04
0 0.529296875 0.56640625 0.04 0.04
0 0.666015625 0.52734375 0.04 0.04
0 0.3125 0.39453125 0.04 0.04
0 0.8359375 0.283203125 0.04 0.04
