0 0.189453125 0.923828125 0.04 0.04
0 0.009765625 0.888671875 0.04 0.04
0 0.125 0.845703125 0.04 0.04
0 0.259765625 0.78515625 0.04 0.04
0 0.3984375 0.63671875 0.04 0.04
0 0.083984375 0.6328125 0.04 0.04
0 0.876953125 0.607421875 0.04 0.04
0 0.33984375 0.427734375 0.04 0.04
0 0.53515625 0.375 0.04 0.04
0 0.73046875 0.267578125 0.04 0.04
0 0.26953125 0.265625 0.04 0.04
0 0.345703125 0.2421875 0.04 0.04
0 0.509765625 0.220703125 0.04 0.04
0 0.375 0.1875 0.04 0.04
0 0.24609375 0.17578125 0.04 0.04
0 0.87890625 0.1171875 0.04 0.04
0 0.310546875 0.072265625 0.04 0.04
