0 0.98828125 0.998046875 0.04 0.04
0 0.365234375 0.9296875 0.04 0.04
0 0.388671875 0.8515625 0.04 0.04
0 0.953125 0.841796875 0.04 0.04
0 0.5078125 0.73046875 0.04 0.04
0 0.357421875 0.55078125 0.04 0.04
0 0.46875 0.509765625 0.04 0.04
0 0.220703125 0.4765625 0.04 0.04
0 0.9296875 0.435546875 0.04 0.04
0 0.474609375 0.41015625 0.04 0.04
0 0.361328125 0.384765625 0.04 0.04
0 0.0078125 0.380859375 0.04 0.04
0 0.630859375 0.37890625 0.04 0.04
0 0.11328125 0.3671875 0.04 0.04
0 0.6796875 0.3046875 0.04 0.04
0 0.83203125 0.29296875 0.04 0.04
0 0.998046875 0.232421875 0.04 0.04
0 0.3515625 0.23046875 0.04 0.04
0 0.525390625 0.228515625 0.04 0.04
0 0.4609375 0.158203125 0.04 0.04
0 0.36328125 0.09765625 0.04 0.04
0 0.2265625 0.083984375 0.04 0.04
0 0.568359375 0.04296875 0.04 0.04
