0 0.421875 0.947265625 0.04 0.04
0 0.8046875 0.9140625 0.04 0.04
0 0.544921875 0.865234375 0.04 0.04
0 0.830078125 0.86328125 0.04 0.04
0 0.998046875 0.787109375 0.04 0.04
0 0.97265625 0.775390625 0.04 0.04
0 0.474609375 0.75 0.04 0.04
0 0.708984375 0.736328125 0.04 0.04
0 0.263671875 0.724609375 0.04 0.04
0 0.5703125 0.6953125 0.04 0.04
0 0.798828125 0.609375 0.04 0.04
0 0.291015625 0.591796875 0.04 0.04
0 0.5390625 0.583984375 0.04 0.04
0 0.966796875 0.5 0.04 0.04
0 0.869140625 0.4453125 0.04 0.04
0 0.625 0.40234375 0.04 0.04
0 0.447265625 0.3828125 0.04 0.04
0 0.36328125 0.36328125 0.04 0.04
0 0.646484375 0.326171875 0.04 0.04
0 0.69921875 0.296875 0.04 0.04
0 0.546875 0.279296875 0.04 0.04
0 0.39453125 0.18359375 0.04 0.04
0 0.892578125 0.111328125 0.04 0.04
0 0.73046875 0.107421875 0.04 0.04
0 0.302734375 0.08984375 0.04 0.04
0 0.951171875 0.017578125 0.04 0.04
