0 0.689453125 0.966796875 0.04 0.04
0 0.923828125 0.935546875 0.04 0.04
0 0.974609375 0.931640625 0.04 0.04
0 0.744140625 0.875 0.04 0.04
0 0.9765625 0.8671875 0.04 0.04
0 0.685546875 0.837890625 0.04 0.04
0 0.546875 0.7890625 0.04 0.04
0 0.7890625 0.7265625 0.04 0.04
0 0.60546875 0.677734375 0.04 0.04
0 0.98828125 0.654296875 0.04 0.04
0 0.484375 0.654296875 0.04 0.04
0 0.705078125 0.5546875 0.04 0.04
0 0.916015625 0.501953125 0.04 0.04
0 0.833984375 0.2421875 0.04 0.04
0 0.544921875 0.130859375 0.04 0.04
0 0.970703125 0.09765625 0.04 0.04
0 0.7109375 0.0625 0.04 0.04
