0 0.302734375 0.99609375 0.04 0.04
0 0.005859375 0.98828125 0.04 0.04
0 0.185546875 0.966796875 0.04 0.04
0 0.390625 0.943359375 0.04 0.04
0 0.2890625 0.90234375 0.04 0.04
0 0.37109375 0.830078125 0.04 0.04
0 0.498046875 0.763671875 0.04 0.04
0 0.0546875 0.4765625 0.04 0.04
0 0.294921875 0.46484375 0.04 0.04
0 0.13671875 0.328125 0.04 0.04
0 0.341796875 0.314453125 0.04 0.04
0 0.568359375 0.3046875 0.04 0.04
0 0.7421875 0.30078125 0.04 0.04
0 0.2890625 0.271484375 0.04 0.04
0 0.916015625 0.236328125 0.04 0.04
0 0.619140625 0.13671875 0.04 0.04
0 0.369140625 0.09765625 0.04 0.04
0 0.896484375 0.076171875 0.04 0.04
