0 0.640625 0.470703125 0.04 0.04
0 0.615234375 0.46875 0.04 0.04
0 0.587890625 0.46875 0.04 0.04
0 0.8984375 0.310546875 0.04 0.04
0 0.876953125 0.310546875 0.04 0.04
0 0.576171875 0.27734375 0.04 0.04
0 0.552734375 0.27734375 0.04 0.04
0 0.0 0.234375 0.04 0.04
0 0.03125 0.232421875 0.04 0.04
0 0.580078125 0.224609375 0.04 0.04
0 0.515625 0.22265625 0.04 0.04
0 0.486328125 0.22265625 0.04 0.04
0 0.94140625 0.109375 0.04 0.04
0 0.91015625 0.109375 0.04 0.04
0 0.197265625 0.0 0.04 0.04
0 0.171875 0.0 0.04 0.04
