0 0.28515625 0.96484375 0.04 0.04
0 0.8671875 0.931640625 0.04 0.04
0 0.9296875 0.916015625 0.04 0.04
0 0.91015625 0.908203125 0.04 0.04
0 0.708984375 0.904296875 0.04 0.04
0 0.587890625 0.90234375 0.04 0.04
0 0.306640625 0.90234375 0.04 0.04
0 0.248046875 0.90234375 0.04 0.04
0 0.447265625 0.849609375 0.04 0.04
0 0.17578125 0.83203125 0.04 0.04
0 0.9140625 0.791015625 0.04 0.04
0 0.58203125 0.779296875 0.04 0.04
0 0.51171875 0.7734375 0.04 0.04
0 0.998046875 0.7578125 0.04 0.04
0 0.673828125 0.728515625 0.04 0.04
0 0.9375 0.673828125 0.04 0.04
0 0.87109375 0.615234375 0.04 0.04
0 0.625 0.58984375 0.04 0.04
0 0.751953125 0.564453125 0.04 0.04
0 0.93359375 0.5546875 0.04 0.04
0 0.130859375 0.54296875 0.04 0.04
0 0.41015625 0.50390625 0.04 0.04
0 0.732421875 0.498046875 0.04 0.04
0 0.291015625 0.490234375 0.04 0.04
0 0.744140625 0.45703125 0.04 0.04
0 0.673828125 0.44921875 0.04 0.04
0 0.2109375 0.43359375 0.04 0.04
0 0.072265625 0.41796875 0.04 0.04
0 0.158203125 0.416015625 0.04 0.04
0 0.61328125 0.40234375 0.04 0.04
0 0.47265625 0.400390625 0.04 0.04
0 0.607421875 0.37109375 0.04 0.04
0 0.263671875 0.369140625 0.04 0.04
0 0.380859375 0.359375 0.04 0.04
0 0.35546875 0.359375 0.04 0.04
0 0.26953125 0.33984375 0.04 0.04
0 0.140625 0.33984375 0.04 0.04
0 0.458984375 0.330078125 0.04 0.04
0 0.232421875 0.30078125 0.04 0.04
0 0.330078125 0.279296875 0.04 0.04
0 0.2265625 0.248046875 0.04 0.04
0 0.173828125 0.244140625 0.04 0.04
0 0.109375 0.2421875 0.04 0.04
0 0.068359375 0.224609375 0.04 0.04
0 0.423828125 0.19140625 0.04 0.04
0 0.390625 0.189453125 0.04 0.04
0 0.0 0.1875 0.04 0.04
0 0.365234375 0.173828125 0.04 0.04
