0 0.736328125 0.9765625 0.04 0.04
0 0.48828125 0.88671875 0.04 0.04
0 0.353515625 0.8359375 0.04 0.04
0 0.7265625 0.8203125 0.04 0.04
0 0.4921875 0.791015625 0.04 0.04
0 0.330078125 0.787109375 0.04 0.04
0 0.87890625 0.779296875 0.04 0.04
0 0.23828125 0.740234375 0.04 0.04
0 0.537109375 0.705078125 0.04 0.04
0 0.15625 0.693359375 0.04 0.04
0 0.298828125 0.68359375 0.04 0.04
0 0.431640625 0.54296875 0.04 0.04
0 0.32421875 0.54296875 0.04 0.04
0 0.197265625 0.53515625 0.04 0.04
0 0.0 0.521484375 0.04 0.04
0 0.0546875 0.50390625 0.04 0.04
0 0.3359375 0.4453125 0.04 0.04
0 0.279296875 0.41015625 0.04 0.04
0 0.59375 0.390625 0.04 0.04
0 0.2734375 0.310546875 0.04 0.04
0 0.09765625 0.310546875 0.04 0.04
0 0.91796875 0.302734375 0.04 0.04
0 0.5234375 0.240234375 0.04 0.04
0 0.5078125 0.169921875 0.04 0.04
0 0.435546875 0.16015625 0.04 0.04
0 0.220703125 0.13671875 0.04 0.04
0 0.28125 0.103515625 0.04 0.04
0 0.826171875 0.044921875 0.04 0.04
0 0.890625 0.0234375 0.04 0.04
0 0.509765625 0.0 0.04 0.04
