0 0.537109375 0.921875 0.04 0.04
0 0.01953125 0.91796875 0.04 0.04
0 0.46484375 0.908203125 0.04 0.04
0 0.3203125 0.86328125 0.04 0.04
0 0.837890625 0.77734375 0.04 0.04
0 0.392578125 0.703125 0.04 0.04
0 0.8359375 0.701171875 0.04 0.04
0 0.623046875 0.669921875 0.04 0.04
0 0.8515625 0.66015625 0.04 0.04
0 0.525390625 0.646484375 0.04 0.04
0 0.95703125 0.5859375 0.04 0.04
0 0.10546875 0.583984375 0.04 0.04
0 0.962890625 0.541015625 0.04 0.04
0 0.75390625 0.533203125 0.04 0.04
0 0.435546875 0.521484375 0.04 0.04
0 0.1484375 0.484375 0.04 0.04
0 0.68359375 0.470703125 0.04 0.04
0 0.23046875 0.427734375 0.04 0.04
0 0.755859375 0.404296875 0.04 0.04
0 0.07421875 0.40234375 0.04 0.04
0 0.830078125 0.37109375 0.04 0.04
0 0.2265625 0.361328125 0.04 0.04
0 0.24609375 0.26953125 0.04 0.04
0 0.21484375 0.20703125 0.04 0.04
0 0.115234375 0.1875 0.04 0.04
