0 0.36328125 0.95703125 0.04 0.04
0 0.1953125 0.953125 0.04 0.04
0 0.185546875 0.84375 0.04 0.04
0 0.0 0.828125 0.04 0.04
0 0.564453125 0.8125 0.04 0.04
0 0.892578125 0.787109375 0.04 0.04
0 0.0 0.708984375 0.04 0.04
0 0.998046875 0.658203125 0.04 0.04
0 0.998046875 0.62890625 0.04 0.04
0 0.64453125 0.6015625 0.04 0.04
0 0.841796875 0.466796875 0.04 0.04
0 0.59375 0.443359375 0.04 0.04
0 0.998046875 0.439453125 0.04 0.04
0 0.6796875 0.439453125 0.04 0.04
0 0.900390625 0.431640625 0.04 0.04
0 0.91015625 0.408203125 0.04 0.04
0 0.955078125 0.357421875 0.04 0.04
0 0.76953125 0.21484375 0.04 0.04
0 0.23828125 0.119140625 0.04 0.04
0 0.689453125 0.107421875 0.04 0.04
0 0.966796875 0.087890625 0.04 0.04
0 0.365234375 0.080078125 0.04 0.04
0 0.982421875 0.076171875 0.04 0.04
0 0.53125 0.0 0.04 0.04
0 0.26171875 0.0 0.04 0.04
