0 0.166015625 0.998046875 0.04 0.04
0 0.74609375 0.9765625 0.04 0.04
0 0.998046875 0.841796875 0.04 0.04
0 0.84765625 0.79296875 0.04 0.04
0 0.771484375 0.779296875 0.04 0.04
0 0.318359375 0.638671875 0.04 0.04
0 0.392578125 0.5546875 0.04 0.04
0 0.142578125 0.53125 0.04 0.04
0 0.78515625 0.505859375 0.04 0.04
0 0.2421875 0.494140625 0.04 0.04
0 0.16796875 0.48828125 0.04 0.04
0 0.921875 0.453125 0.04 0.04
0 0.955078125 0.43359375 0.04 0.04
0 0.89453125 0.36328125 0.04 0.04
0 0.79296875 0.330078125 0.04 0.04
0 0.5234375 0.259765625 0.04 0.04
0 0.251953125 0.2265625 0.04 0.04
0 0.45703125 0.189453125 0.04 0.04
0 0.28125 0.1328125 0.04 0.04
0 0.13671875 0.111328125 0.04 0.04
0 0.0078125 0.109375 0.04 0.04
0 0.064453125 0.095703125 0.04 0.04
0 0.193359375 0.068359375 0.04 0.04
