0 0.109375 0.9453125 0.04 0.04
0 0.2421875 0.841796875 0.04 0.04
0 0.599609375 0.681640625 0.04 0.04
0 0.33984375 0.630859375 0.04 0.04
0 0.2734375 0.58203125 0.04 0.04
0 0.794921875 0.55859375 0.04 0.04
0 0.3828125 0.556640625 0.04 0.04
0 0.98828125 0.52734375 0.04 0.04
0 0.173828125 0.513671875 0.04 0.04
0 0.453125 0.41796875 0.04 0.04
0 0.830078125 0.396484375 0.04 0.04
0 0.2734375 0.38671875 0.04 0.04
0 0.30859375 0.37109375 0.04 0.04
0 0.849609375 0.27734375 0.04 0.04
0 0.48828125 0.1640625 0.04 0.04
0 0.107421875 0.12109375 0.04 0.04
0 0.265625 0.1015625 0.04 0.04
0 0.958984375 0.0703125 0.04 0.04
0 0.427734375 0.046875 0.04 0.04
