0 0.578125 0.97265625 0.04 0.04
0 0.962890625 0.96484375 0.04 0.04
0 0.953125 0.939453125 0.04 0.04
0 0.79296875 0.8359375 0.04 0.04
0 0.466796875 0.80859375 0.04 0.04
0 0.76953125 0.72265625 0.04 0.04
0 0.751953125 0.623046875 0.04 0.04
0 0.7109375 0.52734375 0.04 0.04
0 0.39453125 0.490234375 0.04 0.04
0 0.81640625 0.380859375 0.04 0.04
0 0.25 0.37890625 0.04 0.04
0 0.193359375 0.34375 0.04 0.04
0 0.63671875 0.29296875 0.04 0.04
0 0.74609375 0.2578125 0.04 0.04
0 0.18359375 0.2578125 0.04 0.04
0 0.982421875 0.25 0.04 0.04
0 0.13671875 0.203125 0.04 0.04
0 0.423828125 0.1640625 0.04 0.04
0 0.099609375 0.15625 0.04 0.04
0 0.6640625 0.1484375 0.04 0.04
0 0.43359375 0.03125 0.04 0.04
