0 0.53125 0.998046875 0.04 0.04
0 0.26171875 0.998046875 0.04 0.04
0 0.623046875 0.98046875 0.04 0.04
0 0.470703125 0.9375 0.04 0.04
0 0.87890625 0.923828125 0.04 0.04
0 0.134765625 0.892578125 0.04 0.04
0 0.86328125 0.873046875 0.04 0.04
0 0.81640625 0.87109375 0.04 0.04
0 0.53125 0.853515625 0.04 0.04
0 0.763671875 0.845703125 0.04 0.04
0 0.794921875 0.833984375 0.04 0.04
0 0.724609375 0.80078125 0.04 0.04
0 0.671875 0.794921875 0.04 0.04
0 0.04296875 0.783203125 0.04 0.04
0 0.5 0.7734375 0.04 0.04
0 0.6484375 0.76171875 0.04 0.04
0 0.587890625 0.74609375 0.04 0.04
