0 0.04296875 0.9765625 0.04 0.04
0 0.65234375 0.9609375 0.04 0.04
0 0.572265625 0.9296875 0.04 0.04
0 0.53125 0.86328125 0.04 0.04
0 0.26171875 0.841796875 0.04 0.04
0 0.916015625 0.767578125 0.04 0.04
0 0.9453125 0.712890625 0.04 0.04
0 0.275390625 0.67578125 0.04 0.04
0 0.0 0.658203125 0.04 0.04
0 0.369140625 0.607421875 0.04 0.04
0 0.095703125 0.55078125 0.04 0.04
0 0.1171875 0.525390625 0.04 0.04
0 0.1875 0.517578125 0.04 0.04
0 0.00390625 0.439453125 0.04 0.04
0 0.412109375 0.388671875 0.04 0.04
0 0.783203125 0.37890625 0.04 0.04
0 0.513671875 0.37890625 0.04 0.04
0 0.267578125 0.287109375 0.04 0.04
0 0.345703125 0.28515625 0.04 0.04
0 0.794921875 0.259765625 0.04 0.04
0 0.240234375 0.248046875 0.04 0.04
0 0.689453125 0.24609375 0.04 0.04
0 0.09765625 0.126953125 0.04 0.04
0 0.19140625 0.037109375 0.04 0.04
0 0.029296875 0.0234375 0.04 0.04
