0 0.529296875 0.966796875 0.04 0.04
0 0.365234375 0.955078125 0.04 0.04
0 0.705078125 0.9453125 0.04 0.04
0 0.201171875 0.890625 0.04 0.04
0 0.126953125 0.8828125 0.04 0.04
0 0.720703125 0.845703125 0.04 0.04
0 0.037109375 0.841796875 0.04 0.04
0 0.76953125 0.81640625 0.04 0.04
0 0.033203125 0.81640625 0.04 0.04
0 0.65625 0.791015625 0.04 0.04
0 0.462890625 0.607421875 0.04 0.04
0 0.38671875 0.548828125 0.04 0.04
0 0.64453125 0.470703125 0.04 0.04
0 0.1875 0.3125 0.04 0.04
0 0.603515625 0.267578125 0.04 0.04
0 0.912109375 0.248046875 0.04 0.04
0 0.837890625 0.23046875 0.04 0.04
0 0.734375 0.228515625 0.04 0.04
0 0.546875 0.18359375 0.04 0.04
0 0.60546875 0.1796875 0.04 0.04
0 0.814453125 0.1640625 0.04 0.04
0 0.86328125 0.140625 0.04 0.04
0 0.982421875 0.107421875 0.04 0.04
0 0.814453125 0.078125 0.04 0.04
0 0.595703125 0.017578125 0.04 0.04
0 0.18359375 0.0 0.04 0.04
0 0.0859375 0.0 0.04 0.04
