0 0.62109375 0.421875 0.04 0.04
0 0.978515625 0.353515625 0.04 0.04
0 0.67578125 0.291015625 0.04 0.04
0 0.87890625 0.2890625 0.04 0.04
0 0.640625 0.279296875 0.04 0.04
0 0.787109375 0.2265625 0.04 0.04
0 0.517578125 0.21875 0.04 0.04
0 0.998046875 0.185546875 0.04 0.04
0 0.822265625 0.1484375 0.04 0.04
0 0.638671875 0.13671875 0.04 0.04
0 0.98828125 0.12890625 0.04 0.04
0 0.6875 0.111328125 0.04 0.04
0 0.9140625 0.107421875 0.04 0.04
0 0.373046875 0.10546875 0.04 0.04
0 0.5546875 0.099609375 0.04 0.04
0 0.4609375 0.048828125 0.04 0.04
0 0.177734375 0.046875 0.04 0.04
0 0.01171875 0.021484375 0.04 0.04
0 0.296875 0.015625 0.04 0.04
0 0.564453125 0.013671875 0.04 0.04
