0 0.947265625 0.984375 0.04 0.04
0 0.666015625 0.9375 0.04 0.04
0 0.4609375 0.9296875 0.04 0.04
0 0.2734375 0.857421875 0.04 0.04
0 0.0 0.841796875 0.04 0.04
0 0.84375 0.8203125 0.04 0.04
0 0.076171875 0.8125 0.04 0.04
0 0.265625 0.783203125 0.04 0.04
0 0.38671875 0.716796875 0.04 0.04
0 0.2578125 0.68359375 0.04 0.04
0 0.333984375 0.677734375 0.04 0.04
0 0.962890625 0.671875 0.04 0.04
0 0.638671875 0.640625 0.04 0.04
0 0.333984375 0.619140625 0.04 0.04
0 0.466796875 0.6171875 0.04 0.04
0 0.439453125 0.6171875 0.04 0.04
0 0.169921875 0.587890625 0.04 0.04
0 0.900390625 0.564453125 0.04 0.04
0 0.392578125 0.564453125 0.04 0.04
0 0.62109375 0.546875 0.04 0.04
0 0.84765625 0.521484375 0.04 0.04
0 0.751953125 0.490234375 0.04 0.04
0 0.662109375 0.474609375 0.04 0.04
0 0.1484375 0.46875 0.04 0.04
