0 0.037109375 0.765625 0.04 0.04
0 0.009765625 0.765625 0.04 0.04
0 0.9609375 0.65234375 0.04 0.04
0 0.9296875 0.65234375 0.04 0.04
0 0.791015625 0.595703125 0.04 0.04
0 0.310546875 0.4140625 0.04 0.04
0 0.27734375 0.4140625 0.04 0.04
0 0.728515625 0.400390625 0.04 0.04
0 0.640625 0.3984375 0.04 0.04
0 0.6171875 0.3984375 0.04 0.04
0 0.837890625 0.384765625 0.04 0.04
0 0.796875 0.384765625 0.04 0.04
0 0.771484375 0.384765625 0.04 0.04
0 0.064453125 0.37890625 0.04 0.04
0 0.037109375 0.37890625 0.04 0.04
0 0.5078125 0.3671875 0.04 0.04
