0 0.41015625 0.796875 0.04 0.04
0 0.986328125 0.787109375 0.04 0.04
0 0.65625 0.748046875 0.04 0.04
0 0.095703125 0.74609375 0.04 0.04
0 0.18359375 0.740234375 0.04 0.04
0 0.8046875 0.73828125 0.04 0.04
0 0.9921875 0.734375 0.04 0.04
0 0.224609375 0.6328125 0.04 0.04
0 0.740234375 0.62890625 0.04 0.04
0 0.666015625 0.607421875 0.04 0.04
0 0.310546875 0.59765625 0.04 0.04
0 0.599609375 0.595703125 0.04 0.04
0 0.3671875 0.580078125 0.04 0.04
0 0.255859375 0.568359375 0.04 0.04
0 0.529296875 0.533203125 0.04 0.04
0 0.09375 0.484375 0.04 0.04
0 0.927734375 0.47265625 0.04 0.04
0 0.849609375 0.46875 0.04 0.04
0 0.513671875 0.458984375 0.04 0.04
0 0.66015625 0.45703125 0.04 0.04
0 0.98828125 0.455078125 0.04 0.04
0 0.1796875 0.4453125 0.04 0.04
0 0.892578125 0.443359375 0.04 0.04
0 0.623046875 0.4375 0.04 0.04
0 0.31640625 0.42578125 0.04 0.04
0 0.798828125 0.40234375 0.04 0.04
0 0.939453125 0.396484375 0.04 0.04
0 0.884765625 0.388671875 0.04 0.04
0 0.349609375 0.388671875 0.04 0.04
0 0.2578125 0.3828125 0.04 0.04
0 0.482421875 0.35546875 0.04 0.04
0 0.111328125 0.35546875 0.04 0.04
