0 0.474609375 0.66796875 0.04 0.04
0 0.30859375 0.650390625 0.04 0.04
0 0.171875 0.49609375 0.04 0.04
0 0.388671875 0.443359375 0.04 0.04
0 0.0703125 0.4375 0.04 0.04
0 0.376953125 0.21484375 0.04 0.04
0 0.90234375 0.201171875 0.04 0.04
0 0.2109375 0.18359375 0.04 0.04
0 0.7734375 0.1796875 0.04 0.04
0 0.38671875 0.17578125 0.04 0.04
0 0.697265625 0.166015625 0.04 0.04
0 0.94140625 0.146484375 0.04 0.04
0 0.861328125 0.138671875 0.04 0.04
0 0.27734375 0.1328125 0.04 0.04
0 0.64453125 0.099609375 0.04 0.04
0 0.3359375 0.052734375 0.04 0.04
0 0.416015625 0.0 0.04 0.04
