0 0.244140625 0.619140625 0.04 0.04
0 0.095703125 0.54296875 0.04 0.04
0 0.4375 0.529296875 0.04 0.04
0 0.205078125 0.5234375 0.04 0.04
0 0.302734375 0.48828125 0.04 0.04
0 0.251953125 0.46484375 0.04 0.04
0 0.25 0.40234375 0.04 0.04
0 0.150390625 0.357421875 0.04 0.04
0 0.09765625 0.283203125 0.04 0.04
0 0.326171875 0.27734375 0.04 0.04
0 0.25 0.220703125 0.04 0.04
0 0.71484375 0.109375 0.04 0.04
0 0.234375 0.0546875 0.04 0.04
0 0.60546875 0.046875 0.04 0.04
0 0.1015625 0.03125 0.04 0.04
0 0.7734375 0.021484375 0.04 0.04
