0 0.1875 0.912109375 0.04 0.04
0 0.40625 0.798828125 0.04 0.04
0 0.501953125 0.689453125 0.04 0.04
0 0.33984375 0.662109375 0.04 0.04
0 0.158203125 0.65234375 0.04 0.04
0 0.630859375 0.626953125 0.04 0.04
0 0.376953125 0.560546875 0.04 0.04
0 0.513671875 0.4375 0.04 0.04
0 0.69140625 0.41796875 0.04 0.04
0 0.13671875 0.41796875 0.04 0.04
0 0.193359375 0.349609375 0.04 0.04
0 0.763671875 0.33984375 0.04 0.04
0 0.7890625 0.17578125 0.04 0.04
0 0.240234375 0.1484375 0.04 0.04
0 0.12890625 0.037109375 0.04 0.04
