0 0.30859375 0.849609375 0.04 0.04
0 0.33203125 0.68359375 0.04 0.04
0 0.005859375 0.6328125 0.04 0.04
0 0.154296875 0.525390625 0.04 0.04
0 0.376953125 0.42578125 0.04 0.04
0 0.765625 0.369140625 0.04 0.04
0 0.015625 0.357421875 0.04 0.04
0 0.876953125 0.353515625 0.04 0.04
0 0.16015625 0.326171875 0.04 0.04
0 0.013671875 0.234375 0.04 0.04
0 0.90234375 0.220703125 0.04 0.04
0 0.224609375 0.205078125 0.04 0.04
0 0.986328125 0.193359375 0.04 0.04
0 0.501953125 0.13671875 0.04 0.04
0 0.8046875 0.126953125 0.04 0.04
0 0.109375 0.119140625 0.04 0.04
0 0.208984375 0.09765625 0.04 0.04
0 0.97265625 0.072265625 0.04 0.04
0 0.869140625 0.021484375 0.04 0.04
0 0.958984375 0.0 0.04 0.04
