0 0.904296875 0.978515625 0.04 0.04
0 0.25 0.931640625 0.04 0.04
0 0.720703125 0.638671875 0.04 0.04
0 0.9375 0.63671875 0.04 0.04
0 0.919921875 0.560546875 0.04 0.04
0 0.6484375 0.52734375 0.04 0.04
0 0.8046875 0.501953125 0.04 0.04
0 0.908203125 0.439453125 0.04 0.04
0 0.798828125 0.408203125 0.04 0.04
0 0.80078125 0.3125 0.04 0.04
0 0.75 0.298828125 0.04 0.04
0 0.853515625 0.28515625 0.04 0.04
0 0.076171875 0.150390625 0.04 0.04
0 0.830078125 0.1171875 0.04 0.04
0 0.08984375 0.109375 0.04 0.04
0 0.9765625 0.078125 0.04 0.04
0 0.34375 0.048828125 0.04 0.04
