0 0.80078125 0.873046875 0.04 0.04
0 0.474609375 0.341796875 0.04 0.04
0 0.720703125 0.3359375 0.04 0.04
0 0.681640625 0.255859375 0.04 0.04
0 0.5546875 0.220703125 0.04 0.04
0 0.494140625 0.189453125 0.04 0.04
0 0.6796875 0.18359375 0.04 0.04
0 0.287109375 0.1796875 0.04 0.04
0 0.3984375 0.16015625 0.04 0.04
0 0.955078125 0.140625 0.04 0.04
0 0.458984375 0.1328125 0.04 0.04
0 0.607421875 0.12890625 0.04 0.04
0 0.244140625 0.12890625 0.04 0.04
0 0.52734375 0.126953125 0.04 0.04
0 0.7421875 0.11328125 0.04 0.04
0 0.400390625 0.1015625 0.04 0.04
0 0.5078125 0.095703125 0.04 0.04
0 0.6484375 0.021484375 0.04 0.04
