0 0.4765625 0.80859375 0.04 0.04
0 0.29296875 0.755859375 0.04 0.04
0 0.251953125 0.63671875 0.04 0.04
0 0.3515625 0.498046875 0.04 0.04
0 0.8125 0.419921875 0.04 0.04
0 0.310546875 0.396484375 0.04 0.04
0 0.236328125 0.365234375 0.04 0.04
0 0.33984375 0.34375 0.04 0.04
0 0.955078125 0.337890625 0.04 0.04
0 0.599609375 0.26953125 0.04 0.04
0 0.443359375 0.21875 0.04 0.04
0 0.255859375 0.1875 0.04 0.04
0 0.5234375 0.1796875 0.04 0.04
0 0.58984375 0.166015625 0.04 0.04
0 0.775390625 0.16015625 0.04 0.04
0 0.361328125 0.16015625 0.04 0.04
0 0.923828125 0.0078125 0.04 0.04
0 0.583984375 0.0 0.04 0.04
