0 0.384765625 0.8046875 0.04 0.04
0 0.521484375 0.755859375 0.04 0.04
0 0.3671875 0.65625 0.04 0.04
0 0.46484375 0.64453125 0.04 0.04
0 0.681640625 0.60546875 0.04 0.04
0 0.0 0.5859375 0.04 0.04
0 0.080078125 0.58203125 0.04 0.04
0 0.1953125 0.578125 0.04 0.04
0 0.23828125 0.52734375 0.04 0.04
0 0.662109375 0.525390625 0.04 0.04
0 0.51953125 0.521484375 0.04 0.04
0 0.51953125 0.474609375 0.04 0.04
0 0.6171875 0.419921875 0.04 0.04
0 0.275390625 0.2265625 0.04 0.04
0 0.19921875 0.083984375 0.04 0.04
