0 0.97265625 0.998046875 0.04 0.04
0 0.193359375 0.966796875 0.04 0.04
0 0.3359375 0.9375 0.04 0.04
0 0.41796875 0.921875 0.04 0.04
0 0.037109375 0.8984375 0.04 0.04
0 0.490234375 0.86328125 0.04 0.04
0 0.1328125 0.79296875 0.04 0.04
0 0.7890625 0.751953125 0.04 0.04
0 0.0234375 0.748046875 0.04 0.04
0 0.82421875 0.69921875 0.04 0.04
0 0.056640625 0.68359375 0.04 0.04
0 0.86328125 0.673828125 0.04 0.04
0 0.166015625 0.642578125 0.04 0.04
0 0.70703125 0.580078125 0.04 0.04
0 0.658203125 0.572265625 0.04 0.04
0 0.494140625 0.55859375 0.04 0.04
0 0.109375 0.55859375 0.04 0.04
0 0.376953125 0.43359375 0.04 0.04
