0 0.294921875 0.947265625 0.04 0.04
0 0.125 0.9296875 0.04 0.04
0 0.32421875 0.87890625 0.04 0.04
0 0.44921875 0.8671875 0.04 0.04
0 0.3359375 0.677734375 0.04 0.04
0 0.421875 0.556640625 0.04 0.04
0 0.529296875 0.546875 0.04 0.04
0 0.255859375 0.51953125 0.04 0.04
0 0.375 0.48046875 0.04 0.04
0 0.0 0.43359375 0.04 0.04
0 0.134765625 0.431640625 0.04 0.04
0 0.751953125 0.373046875 0.04 0.04
0 0.05859375 0.34375 0.04 0.04
0 0.017578125 0.265625 0.04 0.04
0 0.087890625 0.2421875 0.04 0.04
0 0.208984375 0.232421875 0.04 0.04
0 0.447265625 0.1875 0.04 0.04
0 0.806640625 0.08984375 0.04 0.04
0 0.7578125 0.07421875 0.04 0.04
0 0.759765625 0.029296875 0.04 0.04
