0 0.681640625 0.966796875 0.04 0.04
0 0.626953125 0.923828125 0.04 0.04
0 0.75390625 0.908203125 0.04 0.04
0 0.400390625 0.90625 0.04 0.04
0 0.103515625 0.8828125 0.04 0.04
0 0.181640625 0.865234375 0.04 0.04
0 0.541015625 0.86328125 0.04 0.04
0 0.48828125 0.845703125 0.04 0.04
0 0.3125 0.837890625 0.04 0.04
0 0.21875 0.787109375 0.04 0.04
0 0.40234375 0.771484375 0.04 0.04
0 0.087890625 0.75390625 0.04 0.04
0 0.623046875 0.703125 0.04 0.04
0 0.412109375 0.66015625 0.04 0.04
0 0.025390625 0.63671875 0.04 0.04
0 0.435546875 0.62109375 0.04 0.04
0 0.111328125 0.615234375 0.04 0.04
0 0.58203125 0.591796875 0.04 0.04
0 0.34765625 0.583984375 0.04 0.04
0 0.263671875 0.580078125 0.04 0.04
0 0.37109375 0.5625 0.04 0.04
0 0.169921875 0.55078125 0.04 0.04
0 0.607421875 0.51171875 0.04 0.04
0 0.5234375 0.490234375 0.04 0.04
0 0.416015625 0.4609375 0.04 0.04
0 0.0390625 0.458984375 0.04 0.04
0 0.533203125 0.44140625 0.04 0.04
0 0.013671875 0.37890625 0.04 0.04
0 0.150390625 0.349609375 0.04 0.04
0 0.130859375 0.318359375 0.04 0.04
0 0.10546875 0.240234375 0.04 0.04
