0 0.806640625 0.9921875 0.04 0.04
0 0.74609375 0.98046875 0.04 0.04
0 0.9609375 0.947265625 0.04 0.04
0 0.734375 0.93359375 0.04 0.04
0 0.705078125 0.90234375 0.04 0.04
0 0.01171875 0.875 0.04 0.04
0 0.134765625 0.85546875 0.04 0.04
0 0.08203125 0.791015625 0.04 0.04
0 0.58203125 0.783203125 0.04 0.04
0 0.60546875 0.74609375 0.04 0.04
0 0.029296875 0.673828125 0.04 0.04
0 0.716796875 0.626953125 0.04 0.04
0 0.56640625 0.615234375 0.04 0.04
0 0.86328125 0.607421875 0.04 0.04
0 0.75 0.578125 0.04 0.04
0 0.375 0.546875 0.04 0.04
0 0.4296875 0.5234375 0.04 0.04
0 0.724609375 0.478515625 0.04 0.04
0 0.583984375 0.478515625 0.04 0.04
0 0.52734375 0.478515625 0.04 0.04
0 0.71875 0.439453125 0.04 0.04
0 0.52734375 0.42578125 0.04 0.04
0 0.037109375 0.388671875 0.04 0.04
0 0.111328125 0.37890625 0.04 0.04
0 0.583984375 0.326171875 0.04 0.04
0 0.298828125 0.25390625 0.04 0.04
0 0.45703125 0.248046875 0.04 0.04
0 0.130859375 0.248046875 0.04 0.04
0 0.212890625 0.185546875 0.04 0.04
0 0.4296875 0.1796875 0.04 0.04
0 0.583984375 0.16796875 0.04 0.04
0 0.251953125 0.140625 0.04 0.04
0 0.138671875 0.1328125 0.04 0.04
0 0.44140625 0.11328125 0.04 0.04
0 0.21484375 0.08984375 0.04 0.04
