0 0.244140625 0.955078125 0.04 0.04
0 0.482421875 0.88671875 0.04 0.04
0 0.580078125 0.82421875 0.04 0.04
0 0.650390625 0.748046875 0.04 0.04
0 0.525390625 0.6953125 0.04 0.04
0 0.443359375 0.6953125 0.04 0.04
0 0.587890625 0.685546875 0.04 0.04
0 0.87109375 0.6328125 0.04 0.04
0 0.97265625 0.60546875 0.04 0.04
0 0.169921875 0.591796875 0.04 0.04
0 0.478515625 0.55859375 0.04 0.04
0 0.361328125 0.513671875 0.04 0.04
0 0.384765625 0.462890625 0.04 0.04
0 0.1015625 0.390625 0.04 0.04
0 0.271484375 0.3828125 0.04 0.04
0 0.154296875 0.361328125 0.04 0.04
0 0.1953125 0.318359375 0.04 0.04
0 0.689453125 0.3046875 0.04 0.04
0 0.125 0.26171875 0.04 0.04
0 0.068359375 0.248046875 0.04 0.04
0 0.0078125 0.23046875 0.04 0.04
0 0.1015625 0.18359375 0.04 0.04
0 0.28515625 0.15625 0.04 0.04
0 0.462890625 0.1484375 0.04 0.04
0 0.001953125 0.12890625 0.04 0.04
0 0.025390625 0.12109375 0.04 0.04
0 0.69921875 0.02734375 0.04 0.04
0 0.82421875 0.0 0.04 0.04
