0 0.998046875 0.955078125 0.04 0.04
0 0.091796875 0.921875 0.04 0.04
0 0.2578125 0.896484375 0.04 0.04
0 0.0859375 0.841796875 0.04 0.04
0 0.126953125 0.720703125 0.04 0.04
0 0.865234375 0.513671875 0.04 0.04
0 0.158203125 0.443359375 0.04 0.04
0 0.296875 0.408203125 0.04 0.04
0 0.900390625 0.35546875 0.04 0.04
0 0.427734375 0.341796875 0.04 0.04
0 0.15625 0.21875 0.04 0.04
0 0.283203125 0.212890625 0.04 0.04
0 0.513671875 0.20703125 0.04 0.04
0 0.681640625 0.1953125 0.04 0.04
0 0.03125 0.162109375 0.04 0.04
0 0.10546875 0.109375 0.04 0.04
