0 0.861328125 0.9609375 0.04 0.04
0 0.92578125 0.94921875 0.04 0.04
0 0.92578125 0.857421875 0.04 0.04
0 0.998046875 0.8359375 0.04 0.04
0 0.861328125 0.818359375 0.04 0.04
0 0.876953125 0.74609375 0.04 0.04
0 0.896484375 0.619140625 0.04 0.04
0 0.802734375 0.509765625 0.04 0.04
0 0.998046875 0.443359375 0.04 0.04
0 0.904296875 0.416015625 0.04 0.04
0 0.18359375 0.32421875 0.04 0.04
0 0.79296875 0.236328125 0.04 0.04
0 0.9765625 0.228515625 0.04 0.04
0 0.591796875 0.2265625 0.04 0.04
0 0.76953125 0.15234375 0.04 0.04
0 0.67578125 0.12890625 0.04 0.04
0 0.0234375 0.12890625 0.04 0.04
0 0.6171875 0.072265625 0.04 0.04
0 0.185546875 0.015625 0.04 0.04
