0 0.91015625 0.953125 0.04 0.04
0 0.267578125 0.947265625 0.04 0.04
0 0.837890625 0.908203125 0.04 0.04
0 0.1328125 0.900390625 0.04 0.04
0 0.75390625 0.888671875 0.04 0.04
0 0.857421875 0.826171875 0.04 0.04
0 0.6875 0.826171875 0.04 0.04
0 0.779296875 0.80859375 0.04 0.04
0 0.94140625 0.572265625 0.04 0.04
0 0.802734375 0.54296875 0.04 0.04
0 0.654296875 0.529296875 0.04 0.04
0 0.203125 0.3125 0.04 0.04
0 0.93359375 0.302734375 0.04 0.04
0 0.73828125 0.26171875 0.04 0.04
0 0.748046875 0.18359375 0.04 0.04
0 0.634765625 0.173828125 0.04 0.04
0 0.3671875 0.12109375 0.04 0.04
0 0.306640625 0.037109375 0.04 0.04
0 0.158203125 0.033203125 0.04 0.04
