0 0.814453125 0.943359375 0.04 0.04
0 0.220703125 0.9375 0.04 0.04
0 0.29296875 0.908203125 0.04 0.04
0 0.59765625 0.892578125 0.04 0.04
0 0.8828125 0.8671875 0.04 0.04
0 0.427734375 0.865234375 0.04 0.04
0 0.669921875 0.81640625 0.04 0.04
0 0.921875 0.783203125 0.04 0.04
0 0.958984375 0.658203125 0.04 0.04
0 0.3203125 0.591796875 0.04 0.04
0 0.873046875 0.572265625 0.04 0.04
0 0.068359375 0.546875 0.04 0.04
0 0.4765625 0.544921875 0.04 0.04
0 0.984375 0.525390625 0.04 0.04
0 0.5546875 0.505859375 0.04 0.04
0 0.58203125 0.4921875 0.04 0.04
0 0.923828125 0.4765625 0.04 0.04
0 0.263671875 0.44140625 0.04 0.04
0 0.748046875 0.439453125 0.04 0.04
0 0.583984375 0.416015625 0.04 0.04
0 0.875 0.349609375 0.04 0.04
0 0.767578125 0.326171875 0.04 0.04
0 0.3828125 0.279296875 0.04 0.04
0 0.5859375 0.259765625 0.04 0.04
0 0.4921875 0.2578125 0.04 0.04
0 0.75 0.236328125 0.04 0.04
0 0.0 0.2265625 0.04 0.04
0 0.84375 0.224609375 0.04 0.04
0 0.888671875 0.19921875 0.04 0.04
0 0.392578125 0.197265625 0.04 0.04
0 0.830078125 0.162109375 0.04 0.04
0 0.505859375 0.126953125 0.04 0.04
0 0.654296875 0.107421875 0.04 0.04
0 0.90625 0.099609375 0.04 0.04
0 0.408203125 0.056640625 0.04 0.04
0 0.77734375 0.01953125 0.04 0.04
0 0.564453125 0.01953125 0.04 0.04
0 0.015625 0.009765625 0.04 0.04
