0 0.796875 0.990234375 0.04 0.04
0 0.865234375 0.875 0.04 0.04
0 0.73046875 0.865234375 0.04 0.04
0 0.40625 0.791015625 0.04 0.04
0 0.935546875 0.68359375 0.04 0.04
0 0.21875 0.64453125 0.04 0.04
0 0.880859375 0.619140625 0.04 0.04
0 0.955078125 0.521484375 0.04 0.04
0 0.552734375 0.505859375 0.04 0.04
0 0.0625 0.5 0.04 0.04
0 0.671875 0.478515625 0.04 0.04
0 0.822265625 0.400390625 0.04 0.04
0 0.490234375 0.396484375 0.04 0.04
0 0.591796875 0.34375 0.04 0.04
0 0.66796875 0.1484375 0.04 0.04
0 0.2109375 0.146484375 0.04 0.04
0 0.095703125 0.03515625 0.04 0.04
