0 0.36328125 0.90625 0.04 0.04
0 0.724609375 0.884765625 0.04 0.04
0 0.4921875 0.857421875 0.04 0.04
0 0.251953125 0.783203125 0.04 0.04
0 0.560546875 0.732421875 0.04 0.04
0 0.455078125 0.642578125 0.04 0.04
0 0.06640625 0.564453125 0.04 0.04
0 0.146484375 0.54296875 0.04 0.04
0 0.669921875 0.515625 0.04 0.04
0 0.06640625 0.5078125 0.04 0.04
0 0.642578125 0.439453125 0.04 0.04
0 0.091796875 0.439453125 0.04 0.04
0 0.466796875 0.4375 0.04 0.04
0 0.755859375 0.4296875 0.04 0.04
0 0.171875 0.41015625 0.04 0.04
0 0.294921875 0.408203125 0.04 0.04
0 0.357421875 0.390625 0.04 0.04
0 0.78125 0.32421875 0.04 0.04
0 0.09375 0.32421875 0.04 0.04
0 0.1796875 0.275390625 0.04 0.04
0 0.998046875 0.240234375 0.04 0.04
0 0.763671875 0.23828125 0.04 0.04
0 0.642578125 0.23828125 0.04 0.04
0 0.3984375 0.2109375 0.04 0.04
0 0.97265625 0.166015625 0.04 0.04
0 0.341796875 0.0703125 0.04 0.04
