0 0.04296875 0.9921875 0.04 0.04
0 0.78125 0.919921875 0.04 0.04
0 0.0546875 0.9140625 0.04 0.04
0 0.380859375 0.912109375 0.04 0.04
0 0.134765625 0.87890625 0.04 0.04
0 0.498046875 0.84765625 0.04 0.04
0 0.3125 0.80859375 0.04 0.04
0 0.85546875 0.80078125 0.04 0.04
0 0.591796875 0.787109375 0.04 0.04
0 0.0 0.765625 0.04 0.04
0 0.453125 0.755859375 0.04 0.04
0 0.234375 0.73828125 0.04 0.04
0 0.05859375 0.728515625 0.04 0.04
0 0.3515625 0.70703125 0.04 0.04
0 0.291015625 0.666015625 0.04 0.04
0 0.20703125 0.658203125 0.04 0.04
0 0.60546875 0.626953125 0.04 0.04
0 0.21875 0.58984375 0.04 0.04
0 0.072265625 0.587890625 0.04 0.04
0 0.83984375 0.56640625 0.04 0.04
0 0.1171875 0.53125 0.04 0.04
0 0.00390625 0.494140625 0.04 0.04
0 0.423828125 0.48046875 0.04 0.04
0 0.4921875 0.3984375 0.04 0.04
0 0.658203125 0.380859375 0.04 0.04
0 0.296875 0.3125 0.04 0.04
0 0.830078125 0.23828125 0.04 0.04
0 0.681640625 0.232421875 0.04 0.04
0 0.64453125 0.1875 0.04 0.04
0 0.4765625 0.158203125 0.04 0.04
0 0.318359375 0.126953125 0.04 0.04
0 0.884765625 0.080078125 0.04 0.04
0 0.94921875 0.009765625 0.04 0.04
