0 0.1328125 0.880859375 0.04 0.04
0 0.939453125 0.68359375 0.04 0.04
0 0.9453125 0.669921875 0.04 0.04
0 0.677734375 0.580078125 0.04 0.04
0 0.740234375 0.548828125 0.04 0.04
0 0.6953125 0.498046875 0.04 0.04
0 0.646484375 0.474609375 0.04 0.04
0 0.01171875 0.4609375 0.04 0.04
0 0.701171875 0.42578125 0.04 0.04
0 0.666015625 0.408203125 0.04 0.04
0 0.580078125 0.3828125 0.04 0.04
0 0.58984375 0.318359375 0.04 0.04
0 0.267578125 0.298828125 0.04 0.04
0 0.517578125 0.248046875 0.04 0.04
0 0.443359375 0.064453125 0.04 0.04
0 0.3515625 0.0 0.04 0.04
0 0.232421875 0.0 0.04 0.04
