0 0.44921875 0.97265625 0.04 0.04
0 0.640625 0.94921875 0.04 0.04
0 0.88671875 0.900390625 0.04 0.04
0 0.962890625 0.890625 0.04 0.04
0 0.0 0.8359375 0.04 0.04
0 0.79296875 0.794921875 0.04 0.04
0 0.998046875 0.765625 0.04 0.04
0 0.37890625 0.76171875 0.04 0.04
0 0.08203125 0.697265625 0.04 0.04
0 0.93359375 0.681640625 0.04 0.04
0 0.271484375 0.64453125 0.04 0.04
0 0.701171875 0.62109375 0.04 0.04
0 0.8515625 0.603515625 0.04 0.04
0 0.8046875 0.494140625 0.04 0.04
0 0.4296875 0.490234375 0.04 0.04
0 0.21484375 0.474609375 0.04 0.04
0 0.3203125 0.455078125 0.04 0.04
0 0.0 0.443359375 0.04 0.04
0 0.02734375 0.404296875 0.04 0.04
0 0.9609375 0.3984375 0.04 0.04
0 0.595703125 0.3671875 0.04 0.04
0 0.24609375 0.361328125 0.04 0.04
0 0.44921875 0.330078125 0.04 0.04
0 0.361328125 0.328125 0.04 0.04
0 0.259765625 0.29296875 0.04 0.04
0 0.705078125 0.2578125 0.04 0.04
0 0.47265625 0.197265625 0.04 0.04
0 0.07421875 0.150390625 0.04 0.04
0 0.75 0.14453125 0.04 0.04
0 0.390625 0.091796875 0.04 0.04
0 0.98046875 0.064453125 0.04 0.04
0 0.23046875 0.0390625 0.04 0.04
0 0.009765625 0.017578125 0.04 0.04
0 0.369140625 0.009765625 0.04 0.04
