0 0.51171875 0.89453125 0.04 0.04
0 0.845703125 0.87109375 0.04 0.04
0 0.955078125 0.732421875 0.04 0.04
0 0.986328125 0.724609375 0.04 0.04
0 0.78125 0.708984375 0.04 0.04
0 0.96484375 0.6640625 0.04 0.04
0 0.595703125 0.587890625 0.04 0.04
0 0.357421875 0.587890625 0.04 0.04
0 0.951171875 0.580078125 0.04 0.04
0 0.734375 0.576171875 0.04 0.04
0 0.87109375 0.56640625 0.04 0.04
0 0.6953125 0.5546875 0.04 0.04
0 0.484375 0.517578125 0.04 0.04
0 0.646484375 0.51171875 0.04 0.04
0 0.74609375 0.498046875 0.04 0.04
0 0.37109375 0.486328125 0.04 0.04
0 0.92578125 0.484375 0.04 0.04
0 0.884765625 0.42578125 0.04 0.04
0 0.83984375 0.423828125 0.04 0.04
0 0.37109375 0.416015625 0.04 0.04
0 0.931640625 0.404296875 0.04 0.04
0 0.767578125 0.400390625 0.04 0.04
0 0.392578125 0.365234375 0.04 0.04
0 0.90234375 0.357421875 0.04 0.04
0 0.337890625 0.33984375 0.04 0.04
0 0.1796875 0.330078125 0.04 0.04
0 0.7734375 0.302734375 0.04 0.04
0 0.41015625 0.287109375 0.04 0.04
0 0.11328125 0.2734375 0.04 0.04
0 0.705078125 0.26171875 0.04 0.04
0 0.783203125 0.232421875 0.04 0.04
0 0.61328125 0.23046875 0.04 0.04
0 0.107421875 0.228515625 0.04 0.04
0 0.197265625 0.21875 0.04 0.04
0 0.8046875 0.21484375 0.04 0.04
0 0.9453125 0.208984375 0.04 0.04
0 0.169921875 0.177734375 0.04 0.04
0 0.9921875 0.17578125 0.04 0.04
0 0.990234375 0.14453125 0.04 0.04
0 0.642578125 0.119140625 0.04 0.04
0 0.06640625 0.109375 0.04 0.04
0 0.869140625 0.072265625 0.04 0.04
0 0.91015625 0.0703125 0.04 0.04
0 0.4375 0.068359375 0.04 0.04
0 0.40234375 0.060546875 0.04 0.04
0 0.59375 0.02734375 0.04 0.04
0 0.1015625 0.01953125 0.04 0.04
0 0.9921875 0.013671875 0.04 0.04
0 0.685546875 0.009765625 0.04 0.04
