0 0.462890625 0.990234375 0.04 0.04
0 0.7109375 0.962890625 0.04 0.04
0 0.650390625 0.9296875 0.04 0.04
0 0.498046875 0.9140625 0.04 0.04
0 0.75 0.857421875 0.04 0.04
0 0.3203125 0.763671875 0.04 0.04
0 0.611328125 0.736328125 0.04 0.04
0 0.02734375 0.67578125 0.04 0.04
0 0.5859375 0.662109375 0.04 0.04
0 0.669921875 0.650390625 0.04 0.04
0 0.373046875 0.615234375 0.04 0.04
0 0.109375 0.5703125 0.04 0.04
0 0.662109375 0.556640625 0.04 0.04
0 0.330078125 0.525390625 0.04 0.04
0 0.248046875 0.4765625 0.04 0.04
0 0.435546875 0.474609375 0.04 0.04
0 0.041015625 0.466796875 0.04 0.04
0 0.611328125 0.451171875 0.04 0.04
0 0.939453125 0.4375 0.04 0.04
0 0.359375 0.4296875 0.04 0.04
0 0.171875 0.396484375 0.04 0.04
0 0.029296875 0.380859375 0.04 0.04
0 0.322265625 0.3515625 0.04 0.04
0 0.21484375 0.310546875 0.04 0.04
0 0.0 0.205078125 0.04 0.04
