0 0.96484375 0.990234375 0.04 0.04
0 0.080078125 0.9765625 0.04 0.04
0 0.826171875 0.94140625 0.04 0.04
0 0.79296875 0.927734375 0.04 0.04
0 0.455078125 0.904296875 0.04 0.04
0 0.0625 0.8984375 0.04 0.04
0 0.5859375 0.892578125 0.04 0.04
0 0.607421875 0.859375 0.04 0.04
0 0.271484375 0.857421875 0.04 0.04
0 0.470703125 0.841796875 0.04 0.04
0 0.2265625 0.759765625 0.04 0.04
0 0.05078125 0.755859375 0.04 0.04
0 0.0390625 0.693359375 0.04 0.04
0 0.310546875 0.68359375 0.04 0.04
0 0.021484375 0.63671875 0.04 0.04
0 0.3203125 0.6328125 0.04 0.04
0 0.359375 0.62109375 0.04 0.04
0 0.068359375 0.501953125 0.04 0.04
0 0.099609375 0.478515625 0.04 0.04
