0 0.83984375 0.947265625 0.04 0.04
0 0.935546875 0.857421875 0.04 0.04
0 0.91015625 0.8125 0.04 0.04
0 0.82421875 0.75390625 0.04 0.04
0 0.744140625 0.611328125 0.04 0.04
0 0.93359375 0.35546875 0.04 0.04
0 0.482421875 0.349609375 0.04 0.04
0 0.896484375 0.328125 0.04 0.04
0 0.65625 0.314453125 0.04 0.04
0 0.587890625 0.30859375 0.04 0.04
0 0.712890625 0.287109375 0.04 0.04
0 0.544921875 0.2265625 0.04 0.04
0 0.666015625 0.201171875 0.04 0.04
0 0.568359375 0.16796875 0.04 0.04
0 0.73828125 0.123046875 0.04 0.04
0 0.6796875 0.111328125 0.04 0.04
0 0.419921875 0.107421875 0.04 0.04
0 0.27734375 0.041015625 0.04 0.04
0 0.97265625 0.0 0.04 0.04
