0 0.1640625 0.7890625 0.04 0.04
0 0.998046875 0.71484375 0.04 0.04
0 0.859375 0.703125 0.04 0.04
0 0.947265625 0.693359375 0.04 0.04
0 0.966796875 0.69140625 0.04 0.04
0 0.88671875 0.623046875 0.04 0.04
0 0.80859375 0.615234375 0.04 0.04
0 0.591796875 0.578125 0.04 0.04
0 0.63671875 0.576171875 0.04 0.04
0 0.830078125 0.556640625 0.04 0.04
0 0.453125 0.541015625 0.04 0.04
0 0.470703125 0.533203125 0.04 0.04
0 0.681640625 0.5234375 0.04 0.04
0 0.861328125 0.51953125 0.04 0.04
0 0.94140625 0.486328125 0.04 0.04
0 0.79296875 0.4609375 0.04 0.04
0 0.232421875 0.4609375 0.04 0.04
0 0.662109375 0.453125 0.04 0.04
0 0.107421875 0.43359375 0.04 0.04
0 0.6953125 0.427734375 0.04 0.04
0 0.455078125 0.421875 0.04 0.04
0 0.28515625 0.37109375 0.04 0.04
0 0.337890625 0.33203125 0.04 0.04
0 0.06640625 0.2890625 0.04 0.04
0 0.11328125 0.2421875 0.04 0.04
0 0.158203125 0.109375 0.04 0.04
