0 0.13671875 0.990234375 0.04 0.04
0 0.212890625 0.935546875 0.04 0.04
0 0.173828125 0.890625 0.04 0.04
0 0.841796875 0.8828125 0.04 0.04
0 0.921875 0.869140625 0.04 0.04
0 0.2734375 0.865234375 0.04 0.04
0 0.7265625 0.853515625 0.04 0.04
0 0.162109375 0.796875 0.04 0.04
0 0.078125 0.7578125 0.04 0.04
0 0.59375 0.64453125 0.04 0.04
0 0.638671875 0.5390625 0.04 0.04
0 0.099609375 0.48046875 0.04 0.04
0 0.541015625 0.455078125 0.04 0.04
0 0.021484375 0.44140625 0.04 0.04
0 0.1875 0.41015625 0.04 0.04
0 0.693359375 0.38671875 0.04 0.04
0 0.1015625 0.353515625 0.04 0.04
0 0.005859375 0.2890625 0.04 0.04
0 0.392578125 0.220703125 0.04 0.04
