0 0.96484375 0.986328125 0.04 0.04
0 0.068359375 0.98046875 0.04 0.04
0 0.529296875 0.859375 0.04 0.04
0 0.94921875 0.8515625 0.04 0.04
0 0.08203125 0.791015625 0.04 0.04
0 0.501953125 0.7109375 0.04 0.04
0 0.189453125 0.6328125 0.04 0.04
0 0.9765625 0.513671875 0.04 0.04
0 0.1484375 0.490234375 0.04 0.04
0 0.724609375 0.443359375 0.04 0.04
0 0.65625 0.38671875 0.04 0.04
0 0.0546875 0.376953125 0.04 0.04
0 0.015625 0.32421875 0.04 0.04
0 0.150390625 0.298828125 0.04 0.04
0 0.453125 0.24609375 0.04 0.04
0 0.00390625 0.240234375 0.04 0.04
0 0.095703125 0.19921875 0.04 0.04
0 0.998046875 0.150390625 0.04 0.04
0 0.998046875 0.12890625 0.04 0.04
0 0.099609375 0.10546875 0.04 0.04
0 0.25390625 0.080078125 0.04 0.04
0 0.33984375 0.03125 0.04 0.04
0 0.15625 0.02734375 0.04 0.04
