0 0.341796875 0.859375 0.04 0.04
0 0.373046875 0.7734375 0.04 0.04
0 0.177734375 0.771484375 0.04 0.04
0 0.60546875 0.728515625 0.04 0.04
0 0.4921875 0.728515625 0.04 0.04
0 0.10546875 0.71484375 0.04 0.04
0 0.310546875 0.677734375 0.04 0.04
0 0.16796875 0.67578125 0.04 0.04
0 0.044921875 0.646484375 0.04 0.04
0 0.517578125 0.6171875 0.04 0.04
0 0.35546875 0.615234375 0.04 0.04
0 0.19921875 0.58984375 0.04 0.04
0 0.4296875 0.56640625 0.04 0.04
0 0.3359375 0.546875 0.04 0.04
0 0.79296875 0.458984375 0.04 0.04
0 0.998046875 0.43359375 0.04 0.04
0 0.26953125 0.384765625 0.04 0.04
0 0.595703125 0.375 0.04 0.04
0 0.931640625 0.34765625 0.04 0.04
0 0.677734375 0.32421875 0.04 0.04
0 0.169921875 0.255859375 0.04 0.04
