0 0.521484375 0.998046875 0.04 0.04
0 0.091796875 0.998046875 0.04 0.04
0 0.55078125 0.9765625 0.04 0.04
0 0.76953125 0.970703125 0.04 0.04
0 0.703125 0.953125 0.04 0.04
0 0.3515625 0.953125 0.04 0.04
0 0.673828125 0.951171875 0.04 0.04
0 0.041015625 0.9375 0.04 0.04
0 0.490234375 0.927734375 0.04 0.04
0 0.384765625 0.921875 0.04 0.04
0 0.119140625 0.91796875 0.04 0.04
0 0.298828125 0.916015625 0.04 0.04
0 0.623046875 0.908203125 0.04 0.04
0 0.578125 0.90234375 0.04 0.04
0 0.208984375 0.8984375 0.04 0.04
0 0.32421875 0.88671875 0.04 0.04
0 0.517578125 0.8828125 0.04 0.04
0 0.150390625 0.87890625 0.04 0.04
0 0.443359375 0.873046875 0.04 0.04
0 0.97265625 0.87109375 0.04 0.04
0 0.859375 0.87109375 0.04 0.04
0 0.56640625 0.8671875 0.04 0.04
0 0.904296875 0.865234375 0.04 0.04
0 0.92578125 0.857421875 0.04 0.04
0 0.80859375 0.857421875 0.04 0.04
0 0.787109375 0.85546875 0.04 0.04
0 0.64453125 0.845703125 0.04 0.04
0 0.865234375 0.8359375 0.04 0.04
0 0.490234375 0.8359375 0.04 0.04
0 0.275390625 0.833984375 0.04 0.04
0 0.896484375 0.83203125 0.04 0.04
0 0.068359375 0.830078125 0.04 0.04
0 0.208984375 0.8125 0.04 0.04
0 0.546875 0.8046875 0.04 0.04
0 0.587890625 0.787109375 0.04 0.04
0 0.126953125 0.787109375 0.04 0.04
0 0.099609375 0.78515625 0.04 0.04
0 0.341796875 0.783203125 0.04 0.04
0 0.91015625 0.78125 0.04 0.04
0 0.224609375 0.775390625 0.04 0.04
0 0.9765625 0.76953125 0.04 0.04
0 0.638671875 0.76953125 0.04 0.04
0 0.73046875 0.7578125 0.04 0.04
0 0.708984375 0.755859375 0.04 0.04
0 0.8515625 0.748046875 0.04 0.04
0 0.111328125 0.734375 0.04 0.04
0 0.392578125 0.7265625 0.04 0.04
0 0.625 0.71484375 0.04 0.04
0 0.458984375 0.70703125 0.04 0.04
0 0.74609375 0.6953125 0.04 0.04
0 0.884765625 0.69140625 0.04 0.04
0 0.775390625 0.681640625 0.04 0.04
0 0.673828125 0.681640625 0.04 0.04
0 0.380859375 0.673828125 0.04 0.04
0 0.654296875 0.66796875 0.04 0.04
0 0.75 0.6640625 0.04 0.04
0 0.17578125 0.658203125 0.04 0.04
0 0.271484375 0.642578125 0.04 0.04
0 0.44140625 0.640625 0.04 0.04
0 0.470703125 0.625 0.04 0.04
0 0.37890625 0.603515625 0.04 0.04
0 0.06640625 0.603515625 0.04 0.04
0 0.216796875 0.6015625 0.04 0.04
0 0.359375 0.595703125 0.04 0.04
0 0.078125 0.58203125 0.04 0.04
0 0.11328125 0.5625 0.04 0.04
0 0.29296875 0.53515625 0.04 0.04
0 0.384765625 0.53125 0.04 0.04
0 0.39453125 0.498046875 0.04 0.04
0 0.107421875 0.490234375 0.04 0.04
0 0.19140625 0.4765625 0.04 0.04
0 0.05078125 0.470703125 0.04 0.04
0 0.2109375 0.4453125 0.04 0.04
0 0.283203125 0.396484375 0.04 0.04
0 0.345703125 0.388671875 0.04 0.04
0 0.32421875 0.38671875 0.04 0.04
0 0.30859375 0.36328125 0.04 0.04
0 0.431640625 0.357421875 0.04 0.04
0 0.17578125 0.3515625 0.04 0.04
0 0.779296875 0.328125 0.04 0.04
0 0.40234375 0.328125 0.04 0.04
0 0.712890625 0.314453125 0.04 0.04
0 0.072265625 0.310546875 0.04 0.04
0 0.70703125 0.287109375 0.04 0.04
0 0.998046875 0.279296875 0.04 0.04
0 0.87109375 0.265625 0.04 0.04
0 0.5859375 0.212890625 0.04 0.04
0 0.59375 0.189453125 0.04 0.04
0 0.623046875 0.173828125 0.04 0.04
0 0.451171875 0.15234375 0.04 0.04
0 0.353515625 0.1328125 0.04 0.04
0 0.494140625 0.08203125 0.04 0.04
0 0.84765625 0.078125 0.04 0.04
0 0.1640625 0.0546875 0.04 0.04
0 0.552734375 0.02734375 0.04 0.04
0 0.998046875 0.01171875 0.04 0.04
