0 0.685546875 0.87890625 0.04 0.04
0 0.171875 0.7734375 0.04 0.04
0 0.154296875 0.734375 0.04 0.04
0 0.0625 0.529296875 0.04 0.04
0 0.4140625 0.478515625 0.04 0.04
0 0.998046875 0.462890625 0.04 0.04
0 0.80859375 0.408203125 0.04 0.04
0 0.396484375 0.408203125 0.04 0.04
0 0.3984375 0.373046875 0.04 0.04
0 0.853515625 0.365234375 0.04 0.04
0 0.31640625 0.296875 0.04 0.04
0 0.212890625 0.25390625 0.04 0.04
0 0.193359375 0.21875 0.04 0.04
0 0.8984375 0.158203125 0.04 0.04
0 0.37109375 0.099609375 0.04 0.04
0 0.224609375 0.095703125 0.04 0.04
0 0.357421875 0.044921875 0.04 0.04
