0 0.21875 0.998046875 0.04 0.04
0 0.009765625 0.998046875 0.04 0.04
0 0.998046875 0.96875 0.04 0.04
0 0.87890625 0.96875 0.04 0.04
0 0.951171875 0.962890625 0.04 0.04
0 0.916015625 0.962890625 0.04 0.04
0 0.515625 0.92578125 0.04 0.04
0 0.490234375 0.92578125 0.04 0.04
0 0.462890625 0.923828125 0.04 0.04
0 0.404296875 0.923828125 0.04 0.04
0 0.853515625 0.880859375 0.04 0.04
0 0.578125 0.859375 0.04 0.04
0 0.603515625 0.857421875 0.04 0.04
0 0.193359375 0.83984375 0.04 0.04
0 0.158203125 0.83984375 0.04 0.04
0 0.3359375 0.83203125 0.04 0.04
0 0.310546875 0.83203125 0.04 0.04
0 0.16015625 0.7734375 0.04 0.04
0 0.134765625 0.7734375 0.04 0.04
0 0.0 0.755859375 0.04 0.04
0 0.798828125 0.61328125 0.04 0.04
0 0.78125 0.61328125 0.04 0.04
0 0.63671875 0.5859375 0.04 0.04
0 0.013671875 0.564453125 0.04 0.04
0 0.78515625 0.525390625 0.04 0.04
0 0.75390625 0.525390625 0.04 0.04
0 0.72265625 0.50390625 0.04 0.04
0 0.828125 0.43359375 0.04 0.04
0 0.80078125 0.43359375 0.04 0.04
0 0.62890625 0.30859375 0.04 0.04
0 0.193359375 0.26171875 0.04 0.04
0 0.162109375 0.26171875 0.04 0.04
