0 0.427734375 0.998046875 0.04 0.04
0 0.64453125 0.94140625 0.04 0.04
0 0.248046875 0.876953125 0.04 0.04
0 0.56640625 0.828125 0.04 0.04
0 0.47265625 0.720703125 0.04 0.04
0 0.626953125 0.65625 0.04 0.04
0 0.525390625 0.6328125 0.04 0.04
0 0.3984375 0.5625 0.04 0.04
0 0.23828125 0.5625 0.04 0.04
0 0.62890625 0.552734375 0.04 0.04
0 0.5390625 0.53515625 0.04 0.04
0 0.328125 0.474609375 0.04 0.04
0 0.09375 0.46484375 0.04 0.04
0 0.36328125 0.4140625 0.04 0.04
0 0.0 0.40625 0.04 0.04
0 0.998046875 0.396484375 0.04 0.04
0 0.88671875 0.392578125 0.04 0.04
0 0.005859375 0.353515625 0.04 0.04
0 0.57421875 0.337890625 0.04 0.04
0 0.501953125 0.3359375 0.04 0.04
0 0.109375 0.283203125 0.04 0.04
0 0.23046875 0.265625 0.04 0.04
0 0.76953125 0.26171875 0.04 0.04
0 0.65625 0.25 0.04 0.04
0 0.033203125 0.24609375 0.04 0.04
0 0.0546875 0.21875 0.04 0.04
0 0.685546875 0.169921875 0.04 0.04
0 0.2265625 0.166015625 0.04 0.04
0 0.96484375 0.1640625 0.04 0.04
0 0.478515625 0.162109375 0.04 0.04
0 0.068359375 0.16015625 0.04 0.04
0 0.298828125 0.1484375 0.04 0.04
0 0.41015625 0.140625 0.04 0.04
0 0.83984375 0.1171875 0.04 0.04
0 0.08203125 0.0859375 0.04 0.04
0 0.650390625 0.0546875 0.04 0.04
0 0.306640625 0.033203125 0.04 0.04
