0 0.8515625 0.85546875 0.04 0.04
0 0.427734375 0.8515625 0.04 0.04
0 0.462890625 0.71484375 0.04 0.04
0 0.3359375 0.61328125 0.04 0.04
0 0.11328125 0.611328125 0.04 0.04
0 0.0 0.5 0.04 0.04
0 0.7890625 0.490234375 0.04 0.04
0 0.53125 0.435546875 0.04 0.04
0 0.435546875 0.330078125 0.04 0.04
0 0.802734375 0.20703125 0.04 0.04
0 0.55859375 0.171875 0.04 0.04
0 0.486328125 0.138671875 0.04 0.04
0 0.38671875 0.12890625 0.04 0.04
0 0.94921875 0.1171875 0.04 0.04
0 0.955078125 0.041015625 0.04 0.04
0 0.87890625 0.01953125 0.04 0.04
