0 0.91796875 0.970703125 0.04 0.04
0 0.865234375 0.962890625 0.04 0.04
0 0.1328125 0.955078125 0.04 0.04
0 0.306640625 0.93359375 0.04 0.04
0 0.005859375 0.93359375 0.04 0.04
0 0.376953125 0.927734375 0.04 0.04
0 0.912109375 0.91796875 0.04 0.04
0 0.818359375 0.912109375 0.04 0.04
0 0.044921875 0.8671875 0.04 0.04
0 0.73828125 0.86328125 0.04 0.04
0 0.890625 0.85546875 0.04 0.04
0 0.166015625 0.80859375 0.04 0.04
0 0.037109375 0.767578125 0.04 0.04
0 0.537109375 0.728515625 0.04 0.04
0 0.103515625 0.439453125 0.04 0.04
0 0.181640625 0.431640625 0.04 0.04
0 0.072265625 0.09375 0.04 0.04
0 0.048828125 0.0 0.04 0.04
