0 0.60546875 0.228515625 0.04 0.04
0 0.775390625 0.189453125 0.04 0.04
0 0.552734375 0.181640625 0.04 0.04
0 0.66796875 0.1796875 0.04 0.04
0 0.96875 0.125 0.04 0.04
0 0.673828125 0.125 0.04 0.04
0 0.712890625 0.099609375 0.04 0.04
0 0.78515625 0.07421875 0.04 0.04
0 0.484375 0.072265625 0.04 0.04
0 0.609375 0.05859375 0.04 0.04
0 0.01171875 0.04296875 0.04 0.04
0 0.708984375 0.033203125 0.04 0.04
0 0.56640625 0.025390625 0.04 0.04
0 0.9921875 0.021484375 0.04 0.04
0 0.08203125 0.021484375 0.04 0.04
0 0.5 0.0 0.04 0.04
