0 0.3515625 0.984375 0.04 0.04
0 0.814453125 0.982421875 0.04 0.04
0 0.98828125 0.97265625 0.04 0.04
0 0.318359375 0.919921875 0.04 0.04
0 0.248046875 0.904296875 0.04 0.04
0 0.412109375 0.8828125 0.04 0.04
0 0.890625 0.86328125 0.04 0.04
0 0.1796875 0.845703125 0.04 0.04
0 0.998046875 0.8125 0.04 0.04
0 0.880859375 0.7421875 0.04 0.04
0 0.5078125 0.736328125 0.04 0.04
0 0.037109375 0.693359375 0.04 0.04
0 0.0 0.6015625 0.04 0.04
0 0.3046875 0.58984375 0.04 0.04
0 0.595703125 0.48828125 0.04 0.04
0 0.056640625 0.466796875 0.04 0.04
0 0.25 0.462890625 0.04 0.04
0 0.033203125 0.427734375 0.04 0.04
0 0.51171875 0.42578125 0.04 0.04
0 0.482421875 0.38671875 0.04 0.04
0 0.638671875 0.3828125 0.04 0.04
0 0.267578125 0.37109375 0.04 0.04
0 0.177734375 0.298828125 0.04 0.04
0 0.44140625 0.2890625 0.04 0.04
0 0.546875 0.24609375 0.04 0.04
0 0.955078125 0.22265625 0.04 0.04
0 0.13671875 0.169921875 0.04 0.04
0 0.44921875 0.16015625 0.04 0.04
0 0.3515625 0.13671875 0.04 0.04
0 0.408203125 0.12109375 0.04 0.04
0 0.19140625 0.115234375 0.04 0.04
0 0.076171875 0.095703125 0.04 0.04
0 0.23046875 0.0859375 0.04 0.04
0 0.18359375 0.048828125 0.04 0.04
0 0.0 0.048828125 0.04 0.04
