0 0.3828125 0.986328125 0.04 0.04
0 0.275390625 0.974609375 0.04 0.04
0 0.3203125 0.962890625 0.04 0.04
0 0.404296875 0.95703125 0.04 0.04
0 0.43359375 0.9453125 0.04 0.04
0 0.587890625 0.939453125 0.04 0.04
0 0.890625 0.923828125 0.04 0.04
0 0.16796875 0.88671875 0.04 0.04
0 0.390625 0.85546875 0.04 0.04
0 0.21875 0.8203125 0.04 0.04
0 0.119140625 0.744140625 0.04 0.04
0 0.271484375 0.73828125 0.04 0.04
0 0.072265625 0.720703125 0.04 0.04
0 0.08984375 0.671875 0.04 0.04
0 0.056640625 0.611328125 0.04 0.04
0 0.01171875 0.611328125 0.04 0.04
0 0.83203125 0.353515625 0.04 0.04
0 0.5546875 0.31640625 0.04 0.04
0 0.068359375 0.26171875 0.04 0.04
0 0.404296875 0.064453125 0.04 0.04
0 0.998046875 0.005859375 0.04 0.04
