0 0.55078125 0.998046875 0.04 0.04
0 0.578125 0.978515625 0.04 0.04
0 0.8828125 0.97265625 0.04 0.04
0 0.55078125 0.912109375 0.04 0.04
0 0.3203125 0.875 0.04 0.04
0 0.6015625 0.857421875 0.04 0.04
0 0.271484375 0.853515625 0.04 0.04
0 0.080078125 0.83984375 0.04 0.04
0 0.388671875 0.80859375 0.04 0.04
0 0.677734375 0.806640625 0.04 0.04
0 0.95703125 0.8046875 0.04 0.04
0 0.1015625 0.8046875 0.04 0.04
0 0.544921875 0.798828125 0.04 0.04
0 0.501953125 0.798828125 0.04 0.04
0 0.49609375 0.740234375 0.04 0.04
0 0.962890625 0.71484375 0.04 0.04
0 0.298828125 0.71484375 0.04 0.04
0 0.916015625 0.712890625 0.04 0.04
0 0.375 0.7109375 0.04 0.04
0 0.0234375 0.708984375 0.04 0.04
0 0.703125 0.701171875 0.04 0.04
0 0.248046875 0.689453125 0.04 0.04
0 0.041015625 0.681640625 0.04 0.04
0 0.904296875 0.6796875 0.04 0.04
0 0.580078125 0.673828125 0.04 0.04
0 0.435546875 0.673828125 0.04 0.04
0 0.095703125 0.673828125 0.04 0.04
0 0.9921875 0.654296875 0.04 0.04
0 0.890625 0.650390625 0.04 0.04
0 0.33984375 0.642578125 0.04 0.04
0 0.1015625 0.640625 0.04 0.04
0 0.396484375 0.62109375 0.04 0.04
0 0.265625 0.615234375 0.04 0.04
0 0.0078125 0.609375 0.04 0.04
0 0.62109375 0.599609375 0.04 0.04
0 0.03515625 0.587890625 0.04 0.04
0 0.251953125 0.580078125 0.04 0.04
0 0.35546875 0.578125 0.04 0.04
0 0.2109375 0.5703125 0.04 0.04
0 0.1328125 0.556640625 0.04 0.04
0 0.08984375 0.5546875 0.04 0.04
0 0.46484375 0.548828125 0.04 0.04
0 0.177734375 0.544921875 0.04 0.04
0 0.41796875 0.54296875 0.04 0.04
0 0.5078125 0.529296875 0.04 0.04
0 0.419921875 0.5234375 0.04 0.04
0 0.521484375 0.521484375 0.04 0.04
0 0.142578125 0.478515625 0.04 0.04
0 0.076171875 0.478515625 0.04 0.04
0 0.486328125 0.466796875 0.04 0.04
0 0.1875 0.462890625 0.04 0.04
0 0.04296875 0.44140625 0.04 0.04
0 0.365234375 0.423828125 0.04 0.04
0 0.2109375 0.412109375 0.04 0.04
0 0.109375 0.408203125 0.04 0.04
0 0.15234375 0.400390625 0.04 0.04
0 0.09375 0.380859375 0.04 0.04
0 0.130859375 0.365234375 0.04 0.04
0 0.486328125 0.3515625 0.04 0.04
0 0.560546875 0.349609375 0.04 0.04
0 0.2109375 0.349609375 0.04 0.04
0 0.08203125 0.345703125 0.04 0.04
0 0.23046875 0.337890625 0.04 0.04
0 0.45703125 0.318359375 0.04 0.04
0 0.33984375 0.31640625 0.04 0.04
0 0.578125 0.3046875 0.04 0.04
0 0.462890625 0.259765625 0.04 0.04
0 0.09765625 0.236328125 0.04 0.04
0 0.02734375 0.236328125 0.04 0.04
0 0.0859375 0.150390625 0.04 0.04
0 0.611328125 0.1484375 0.04 0.04
0 0.572265625 0.14453125 0.04 0.04
0 0.54296875 0.08203125 0.04 0.04
