0 0.826171875 0.90625 0.04 0.04
0 0.80078125 0.720703125 0.04 0.04
0 0.94921875 0.69921875 0.04 0.04
0 0.927734375 0.681640625 0.04 0.04
0 0.8828125 0.640625 0.04 0.04
0 0.96875 0.619140625 0.04 0.04
0 0.466796875 0.548828125 0.04 0.04
0 0.970703125 0.546875 0.04 0.04
0 0.96875 0.50390625 0.04 0.04
0 0.396484375 0.484375 0.04 0.04
0 0.83984375 0.4453125 0.04 0.04
0 0.947265625 0.40625 0.04 0.04
0 0.861328125 0.40625 0.04 0.04
0 0.974609375 0.365234375 0.04 0.04
0 0.830078125 0.337890625 0.04 0.04
0 0.712890625 0.208984375 0.04 0.04
0 0.98828125 0.173828125 0.04 0.04
0 0.123046875 0.150390625 0.04 0.04
0 0.611328125 0.138671875 0.04 0.04
0 0.78125 0.115234375 0.04 0.04
0 0.626953125 0.109375 0.04 0.04
0 0.572265625 0.056640625 0.04 0.04
0 0.818359375 0.044921875 0.04 0.04
0 0.421875 0.03515625 0.04 0.04
0 0.87109375 0.01953125 0.04 0.04
0 0.5546875 0.015625 0.04 0.04
0 0.677734375 0.0 0.04 0.04
