0 0.533203125 0.998046875 0.04 0.04
0 0.458984375 0.998046875 0.04 0.04
0 0.27734375 0.986328125 0.04 0.04
0 0.1796875 0.982421875 0.04 0.04
0 0.556640625 0.98046875 0.04 0.04
0 0.041015625 0.9765625 0.04 0.04
0 0.705078125 0.97265625 0.04 0.04
0 0.8828125 0.958984375 0.04 0.04
0 0.2890625 0.953125 0.04 0.04
0 0.408203125 0.951171875 0.04 0.04
0 0.330078125 0.94921875 0.04 0.04
0 0.640625 0.93359375 0.04 0.04
0 0.09765625 0.92578125 0.04 0.04
0 0.45703125 0.923828125 0.04 0.04
0 0.27734375 0.916015625 0.04 0.04
0 0.986328125 0.908203125 0.04 0.04
0 0.185546875 0.900390625 0.04 0.04
0 0.3125 0.896484375 0.04 0.04
0 0.810546875 0.89453125 0.04 0.04
0 0.1328125 0.8828125 0.04 0.04
0 0.55078125 0.87890625 0.04 0.04
0 0.419921875 0.869140625 0.04 0.04
0 0.650390625 0.86328125 0.04 0.04
0 0.0234375 0.86328125 0.04 0.04
0 0.47265625 0.857421875 0.04 0.04
0 0.236328125 0.857421875 0.04 0.04
0 0.09375 0.849609375 0.04 0.04
0 0.17578125 0.84765625 0.04 0.04
0 0.267578125 0.83203125 0.04 0.04
0 0.560546875 0.828125 0.04 0.04
0 0.341796875 0.826171875 0.04 0.04
0 0.4296875 0.8125 0.04 0.04
0 0.21875 0.802734375 0.04 0.04
0 0.6953125 0.794921875 0.04 0.04
0 0.576171875 0.783203125 0.04 0.04
0 0.634765625 0.78125 0.04 0.04
0 0.462890625 0.779296875 0.04 0.04
0 0.15234375 0.775390625 0.04 0.04
0 0.373046875 0.771484375 0.04 0.04
0 0.099609375 0.76171875 0.04 0.04
0 0.87109375 0.759765625 0.04 0.04
0 0.16796875 0.759765625 0.04 0.04
0 0.0390625 0.759765625 0.04 0.04
0 0.361328125 0.748046875 0.04 0.04
0 0.806640625 0.6953125 0.04 0.04
0 0.22265625 0.693359375 0.04 0.04
0 0.361328125 0.68359375 0.04 0.04
0 0.173828125 0.6796875 0.04 0.04
0 0.126953125 0.67578125 0.04 0.04
0 0.541015625 0.673828125 0.04 0.04
0 0.228515625 0.646484375 0.04 0.04
0 0.0234375 0.642578125 0.04 0.04
0 0.05859375 0.63671875 0.04 0.04
0 0.6640625 0.626953125 0.04 0.04
0 0.294921875 0.580078125 0.04 0.04
0 0.169921875 0.56640625 0.04 0.04
0 0.30859375 0.505859375 0.04 0.04
0 0.30859375 0.38671875 0.04 0.04
0 0.2578125 0.3828125 0.04 0.04
0 0.724609375 0.359375 0.04 0.04
0 0.267578125 0.302734375 0.04 0.04
0 0.060546875 0.2265625 0.04 0.04
0 0.005859375 0.173828125 0.04 0.04
0 0.76953125 0.154296875 0.04 0.04
0 0.03125 0.154296875 0.04 0.04
0 0.650390625 0.044921875 0.04 0.04
