0 0.4296875 0.150390625 0.04 0.04
0 0.724609375 0.125 0.04 0.04
0 0.392578125 0.11328125 0.04 0.04
0 0.935546875 0.107421875 0.04 0.04
0 0.666015625 0.078125 0.04 0.04
0 0.912109375 0.064453125 0.04 0.04
0 0.466796875 0.056640625 0.04 0.04
0 0.400390625 0.048828125 0.04 0.04
0 0.669921875 0.044921875 0.04 0.04
0 0.533203125 0.033203125 0.04 0.04
0 0.0 0.029296875 0.04 0.04
0 0.181640625 0.0234375 0.04 0.04
0 0.05859375 0.01953125 0.04 0.04
0 0.7734375 0.0078125 0.04 0.04
0 0.3984375 0.0078125 0.04 0.04
0 0.865234375 0.0 0.04 0.04
0 0.685546875 0.0 0.04 0.04
0 0.109375 0.0 0.04 0.04
