0 0.38671875 0.958984375 0.04 0.04
0 0.21875 0.908203125 0.04 0.04
0 0.943359375 0.875 0.04 0.04
0 0.572265625 0.865234375 0.04 0.04
0 0.267578125 0.85546875 0.04 0.04
0 0.33203125 0.8203125 0.04 0.04
0 0.8984375 0.806640625 0.04 0.04
0 0.05859375 0.775390625 0.04 0.04
0 0.4453125 0.751953125 0.04 0.04
0 0.9921875 0.69921875 0.04 0.04
0 0.59765625 0.4765625 0.04 0.04
0 0.908203125 0.419921875 0.04 0.04
0 0.5234375 0.2734375 0.04 0.04
0 0.294921875 0.22265625 0.04 0.04
0 0.2421875 0.111328125 0.04 0.04
0 0.376953125 0.05859375 0.04 0.04
0 0.30859375 0.0234375 0.04 0.04
