0 0.896484375 0.998046875 0.04 0.04
0 0.423828125 0.98828125 0.04 0.04
0 0.30859375 0.9765625 0.04 0.04
0 0.9765625 0.97265625 0.04 0.04
0 0.736328125 0.953125 0.04 0.04
0 0.490234375 0.947265625 0.04 0.04
0 0.572265625 0.9453125 0.04 0.04
0 0.673828125 0.94140625 0.04 0.04
0 0.712890625 0.939453125 0.04 0.04
0 0.201171875 0.935546875 0.04 0.04
0 0.5234375 0.921875 0.04 0.04
0 0.712890625 0.90234375 0.04 0.04
0 0.40625 0.90234375 0.04 0.04
0 0.861328125 0.8828125 0.04 0.04
0 0.638671875 0.87890625 0.04 0.04
0 0.791015625 0.875 0.04 0.04
0 0.552734375 0.87109375 0.04 0.04
0 0.40625 0.869140625 0.04 0.04
0 0.22265625 0.869140625 0.04 0.04
0 0.58984375 0.865234375 0.04 0.04
0 0.720703125 0.85546875 0.04 0.04
0 0.171875 0.833984375 0.04 0.04
0 0.759765625 0.83203125 0.04 0.04
0 0.626953125 0.8125 0.04 0.04
0 0.884765625 0.796875 0.04 0.04
0 0.412109375 0.796875 0.04 0.04
0 0.388671875 0.79296875 0.04 0.04
0 0.3125 0.7890625 0.04 0.04
0 0.8046875 0.787109375 0.04 0.04
0 0.7109375 0.744140625 0.04 0.04
0 0.16796875 0.732421875 0.04 0.04
0 0.935546875 0.73046875 0.04 0.04
0 0.7890625 0.728515625 0.04 0.04
0 0.509765625 0.70703125 0.04 0.04
0 0.017578125 0.697265625 0.04 0.04
0 0.689453125 0.693359375 0.04 0.04
0 0.8203125 0.69140625 0.04 0.04
0 0.939453125 0.689453125 0.04 0.04
0 0.65234375 0.681640625 0.04 0.04
0 0.40625 0.67578125 0.04 0.04
0 0.546875 0.669921875 0.04 0.04
0 0.7421875 0.6640625 0.04 0.04
0 0.02734375 0.658203125 0.04 0.04
0 0.109375 0.65234375 0.04 0.04
0 0.361328125 0.650390625 0.04 0.04
0 0.490234375 0.6484375 0.04 0.04
0 0.259765625 0.646484375 0.04 0.04
0 0.06640625 0.607421875 0.04 0.04
0 0.93359375 0.59375 0.04 0.04
0 0.53125 0.58984375 0.04 0.04
0 0.0 0.5703125 0.04 0.04
0 0.505859375 0.564453125 0.04 0.04
0 0.130859375 0.5625 0.04 0.04
0 0.36328125 0.533203125 0.04 0.04
0 0.0703125 0.533203125 0.04 0.04
0 0.880859375 0.52734375 0.04 0.04
0 0.208984375 0.4921875 0.04 0.04
0 0.044921875 0.484375 0.04 0.04
0 0.2734375 0.474609375 0.04 0.04
0 0.90625 0.466796875 0.04 0.04
0 0.5078125 0.4609375 0.04 0.04
0 0.376953125 0.458984375 0.04 0.04
0 0.357421875 0.458984375 0.04 0.04
0 0.091796875 0.44921875 0.04 0.04
0 0.322265625 0.439453125 0.04 0.04
0 0.86328125 0.4296875 0.04 0.04
0 0.21875 0.42578125 0.04 0.04
0 0.560546875 0.41796875 0.04 0.04
0 0.66796875 0.4140625 0.04 0.04
0 0.1640625 0.404296875 0.04 0.04
0 0.7421875 0.3984375 0.04 0.04
0 0.0234375 0.388671875 0.04 0.04
0 0.818359375 0.38671875 0.04 0.04
0 0.140625 0.375 0.04 0.04
0 0.5546875 0.369140625 0.04 0.04
0 0.107421875 0.3671875 0.04 0.04
0 0.8671875 0.33984375 0.04 0.04
0 0.205078125 0.330078125 0.04 0.04
0 0.75390625 0.3203125 0.04 0.04
0 0.666015625 0.28515625 0.04 0.04
0 0.087890625 0.28125 0.04 0.04
0 0.564453125 0.267578125 0.04 0.04
0 0.146484375 0.259765625 0.04 0.04
0 0.013671875 0.248046875 0.04 0.04
0 0.07421875 0.228515625 0.04 0.04
0 0.447265625 0.2265625 0.04 0.04
0 0.412109375 0.220703125 0.04 0.04
0 0.60546875 0.21875 0.04 0.04
0 0.662109375 0.216796875 0.04 0.04
0 0.5078125 0.212890625 0.04 0.04
0 0.423828125 0.197265625 0.04 0.04
0 0.587890625 0.19140625 0.04 0.04
0 0.365234375 0.177734375 0.04 0.04
0 0.0546875 0.166015625 0.04 0.04
0 0.482421875 0.1640625 0.04 0.04
0 0.630859375 0.158203125 0.04 0.04
0 0.396484375 0.142578125 0.04 0.04
0 0.46875 0.140625 0.04 0.04
0 0.427734375 0.125 0.04 0.04
0 0.2421875 0.12109375 0.04 0.04
0 0.294921875 0.109375 0.04 0.04
0 0.30859375 0.095703125 0.04 0.04
0 0.396484375 0.08984375 0.04 0.04
0 0.744140625 0.083984375 0.04 0.04
0 0.376953125 0.07421875 0.04 0.04
0 0.34765625 0.0703125 0.04 0.04
0 0.11328125 0.068359375 0.04 0.04
0 0.083984375 0.0625 0.04 0.04
0 0.853515625 0.03125 0.04 0.04
0 0.072265625 0.03125 0.04 0.04
0 0.044921875 0.025390625 0.04 0.04
0 0.1171875 0.0234375 0.04 0.04
0 0.59765625 0.021484375 0.04 0.04
0 0.212890625 0.01953125 0.04 0.04
0 0.365234375 0.013671875 0.04 0.04
0 0.48046875 0.01171875 0.04 0.04
