0 0.521484375 0.998046875 0.04 0.04
0 0.16015625 0.998046875 0.04 0.04
0 0.267578125 0.994140625 0.04 0.04
0 0.5625 0.990234375 0.04 0.04
0 0.0 0.962890625 0.04 0.04
0 0.455078125 0.369140625 0.04 0.04
0 0.294921875 0.3515625 0.04 0.04
0 0.044921875 0.345703125 0.04 0.04
0 0.19140625 0.333984375 0.04 0.04
0 0.337890625 0.328125 0.04 0.04
0 0.638671875 0.302734375 0.04 0.04
0 0.099609375 0.216796875 0.04 0.04
0 0.279296875 0.14453125 0.04 0.04
0 0.998046875 0.12890625 0.04 0.04
0 0.38671875 0.09765625 0.04 0.04
0 0.13671875 0.095703125 0.04 0.04
0 0.525390625 0.060546875 0.04 0.04
0 0.736328125 0.056640625 0.04 0.04
0 0.935546875 0.048828125 0.04 0.04
