0 0.591796875 0.724609375 0.04 0.04
0 0.658203125 0.72265625 0.04 0.04
0 0.615234375 0.72265625 0.04 0.04
0 0.81640625 0.6484375 0.04 0.04
0 0.7890625 0.6484375 0.04 0.04
0 0.173828125 0.64453125 0.04 0.04
0 0.064453125 0.640625 0.04 0.04
0 0.126953125 0.63671875 0.04 0.04
0 0.1015625 0.63671875 0.04 0.04
0 0.658203125 0.515625 0.04 0.04
0 0.6328125 0.515625 0.04 0.04
0 0.095703125 0.46484375 0.04 0.04
0 0.064453125 0.46484375 0.04 0.04
0 0.5703125 0.447265625 0.04 0.04
0 0.54296875 0.447265625 0.04 0.04
0 0.0234375 0.396484375 0.04 0.04
0 0.322265625 0.380859375 0.04 0.04
0 0.291015625 0.380859375 0.04 0.04
0 0.208984375 0.353515625 0.04 0.04
0 0.177734375 0.353515625 0.04 0.04
0 0.83203125 0.349609375 0.04 0.04
0 0.80078125 0.349609375 0.04 0.04
0 0.265625 0.203125 0.04 0.04
0 0.2421875 0.203125 0.04 0.04
