0 0.73046875 0.921875 0.04 0.04
0 0.494140625 0.892578125 0.04 0.04
0 0.7890625 0.88671875 0.04 0.04
0 0.826171875 0.865234375 0.04 0.04
0 0.63671875 0.859375 0.04 0.04
0 0.720703125 0.837890625 0.04 0.04
0 0.283203125 0.78515625 0.04 0.04
0 0.447265625 0.76953125 0.04 0.04
0 0.65234375 0.75390625 0.04 0.04
0 0.76953125 0.708984375 0.04 0.04
0 0.6953125 0.671875 0.04 0.04
0 0.61328125 0.6484375 0.04 0.04
0 0.8046875 0.623046875 0.04 0.04
0 0.998046875 0.6015625 0.04 0.04
0 0.89453125 0.5859375 0.04 0.04
0 0.30078125 0.56640625 0.04 0.04
0 0.984375 0.55078125 0.04 0.04
0 0.89453125 0.484375 0.04 0.04
0 0.419921875 0.408203125 0.04 0.04
0 0.46484375 0.37890625 0.04 0.04
0 0.34375 0.310546875 0.04 0.04
0 0.46875 0.306640625 0.04 0.04
0 0.810546875 0.298828125 0.04 0.04
0 0.23046875 0.271484375 0.04 0.04
0 0.240234375 0.2109375 0.04 0.04
0 0.861328125 0.14453125 0.04 0.04
0 0.060546875 0.140625 0.04 0.04
0 0.419921875 0.126953125 0.04 0.04
0 0.96875 0.091796875 0.04 0.04
0 0.2421875 0.0703125 0.04 0.04
0 0.361328125 0.05859375 0.04 0.04
0 0.998046875 0.046875 0.04 0.04
0 0.435546875 0.02734375 0.04 0.04
0 0.205078125 0.01171875 0.04 0.04
