0 0.865234375 0.998046875 0.04 0.04
0 0.685546875 0.998046875 0.04 0.04
0 0.107421875 0.998046875 0.04 0.04
0 0.7578125 0.982421875 0.04 0.04
0 0.626953125 0.978515625 0.04 0.04
0 0.216796875 0.9765625 0.04 0.04
0 0.841796875 0.974609375 0.04 0.04
0 0.57421875 0.974609375 0.04 0.04
0 0.9453125 0.97265625 0.04 0.04
0 0.302734375 0.970703125 0.04 0.04
0 0.796875 0.96875 0.04 0.04
0 0.486328125 0.9609375 0.04 0.04
0 0.2109375 0.9609375 0.04 0.04
0 0.142578125 0.955078125 0.04 0.04
0 0.5 0.953125 0.04 0.04
0 0.662109375 0.935546875 0.04 0.04
0 0.943359375 0.921875 0.04 0.04
0 0.421875 0.9140625 0.04 0.04
0 0.63671875 0.91015625 0.04 0.04
0 0.05078125 0.90234375 0.04 0.04
0 0.771484375 0.900390625 0.04 0.04
0 0.1328125 0.900390625 0.04 0.04
0 0.56640625 0.896484375 0.04 0.04
0 0.072265625 0.888671875 0.04 0.04
0 0.67578125 0.86328125 0.04 0.04
0 0.255859375 0.86328125 0.04 0.04
0 0.1328125 0.85546875 0.04 0.04
0 0.10546875 0.8515625 0.04 0.04
0 0.0 0.841796875 0.04 0.04
0 0.900390625 0.83984375 0.04 0.04
0 0.798828125 0.83984375 0.04 0.04
0 0.564453125 0.83984375 0.04 0.04
0 0.41796875 0.833984375 0.04 0.04
0 0.322265625 0.814453125 0.04 0.04
0 0.203125 0.8125 0.04 0.04
0 0.009765625 0.8125 0.04 0.04
0 0.51171875 0.8046875 0.04 0.04
0 0.71875 0.802734375 0.04 0.04
0 0.134765625 0.802734375 0.04 0.04
0 0.0 0.79296875 0.04 0.04
0 0.828125 0.775390625 0.04 0.04
0 0.05078125 0.7734375 0.04 0.04
0 0.927734375 0.771484375 0.04 0.04
0 0.162109375 0.763671875 0.04 0.04
0 0.3359375 0.7578125 0.04 0.04
0 0.458984375 0.73046875 0.04 0.04
0 0.49609375 0.7265625 0.04 0.04
0 0.822265625 0.7109375 0.04 0.04
0 0.998046875 0.708984375 0.04 0.04
0 0.5625 0.703125 0.04 0.04
0 0.654296875 0.626953125 0.04 0.04
0 0.47265625 0.59765625 0.04 0.04
0 0.779296875 0.568359375 0.04 0.04
0 0.54296875 0.544921875 0.04 0.04
0 0.021484375 0.537109375 0.04 0.04
0 0.27734375 0.49609375 0.04 0.04
0 0.142578125 0.490234375 0.04 0.04
0 0.2890625 0.48828125 0.04 0.04
0 0.91015625 0.462890625 0.04 0.04
0 0.595703125 0.462890625 0.04 0.04
0 0.875 0.451171875 0.04 0.04
0 0.462890625 0.431640625 0.04 0.04
0 0.681640625 0.421875 0.04 0.04
0 0.55078125 0.40234375 0.04 0.04
0 0.501953125 0.392578125 0.04 0.04
0 0.0859375 0.392578125 0.04 0.04
0 0.443359375 0.390625 0.04 0.04
0 0.33984375 0.369140625 0.04 0.04
0 0.203125 0.359375 0.04 0.04
0 0.02734375 0.3515625 0.04 0.04
0 0.962890625 0.306640625 0.04 0.04
0 0.1953125 0.29296875 0.04 0.04
0 0.6953125 0.27734375 0.04 0.04
0 0.591796875 0.26171875 0.04 0.04
0 0.814453125 0.228515625 0.04 0.04
0 0.931640625 0.193359375 0.04 0.04
0 0.689453125 0.17578125 0.04 0.04
0 0.84375 0.095703125 0.04 0.04
