0 0.505859375 0.984375 0.04 0.04
0 0.28515625 0.98046875 0.04 0.04
0 0.443359375 0.9765625 0.04 0.04
0 0.529296875 0.947265625 0.04 0.04
0 0.392578125 0.9296875 0.04 0.04
0 0.23046875 0.927734375 0.04 0.04
0 0.490234375 0.91796875 0.04 0.04
0 0.30859375 0.9140625 0.04 0.04
0 0.134765625 0.87890625 0.04 0.04
0 0.193359375 0.87109375 0.04 0.04
0 0.28515625 0.86328125 0.04 0.04
0 0.591796875 0.857421875 0.04 0.04
0 0.171875 0.841796875 0.04 0.04
0 0.599609375 0.83984375 0.04 0.04
0 0.52734375 0.83984375 0.04 0.04
0 0.185546875 0.802734375 0.04 0.04
0 0.0625 0.802734375 0.04 0.04
0 0.970703125 0.79296875 0.04 0.04
0 0.23828125 0.765625 0.04 0.04
0 0.388671875 0.755859375 0.04 0.04
0 0.8046875 0.73828125 0.04 0.04
0 0.337890625 0.736328125 0.04 0.04
0 0.48046875 0.728515625 0.04 0.04
0 0.302734375 0.724609375 0.04 0.04
0 0.259765625 0.724609375 0.04 0.04
0 0.181640625 0.716796875 0.04 0.04
0 0.9765625 0.70703125 0.04 0.04
0 0.8671875 0.697265625 0.04 0.04
0 0.16015625 0.697265625 0.04 0.04
0 0.75390625 0.69140625 0.04 0.04
0 0.634765625 0.66796875 0.04 0.04
0 0.021484375 0.666015625 0.04 0.04
0 0.970703125 0.658203125 0.04 0.04
0 0.224609375 0.65234375 0.04 0.04
0 0.62890625 0.6484375 0.04 0.04
0 0.4921875 0.64453125 0.04 0.04
0 0.2421875 0.638671875 0.04 0.04
0 0.79296875 0.630859375 0.04 0.04
0 0.8671875 0.62890625 0.04 0.04
0 0.662109375 0.62890625 0.04 0.04
0 0.0 0.62109375 0.04 0.04
0 0.72265625 0.619140625 0.04 0.04
0 0.482421875 0.615234375 0.04 0.04
0 0.228515625 0.607421875 0.04 0.04
0 0.0 0.60546875 0.04 0.04
0 0.609375 0.595703125 0.04 0.04
0 0.337890625 0.578125 0.04 0.04
0 0.15625 0.568359375 0.04 0.04
0 0.34375 0.56640625 0.04 0.04
0 0.220703125 0.56640625 0.04 0.04
0 0.294921875 0.564453125 0.04 0.04
0 0.109375 0.556640625 0.04 0.04
0 0.634765625 0.5546875 0.04 0.04
0 0.53515625 0.541015625 0.04 0.04
0 0.017578125 0.5390625 0.04 0.04
0 0.564453125 0.53515625 0.04 0.04
0 0.71484375 0.51953125 0.04 0.04
0 0.927734375 0.517578125 0.04 0.04
0 0.240234375 0.515625 0.04 0.04
0 0.33203125 0.51171875 0.04 0.04
0 0.173828125 0.5078125 0.04 0.04
0 0.1015625 0.505859375 0.04 0.04
0 0.783203125 0.501953125 0.04 0.04
0 0.60546875 0.494140625 0.04 0.04
0 0.21875 0.484375 0.04 0.04
0 0.828125 0.482421875 0.04 0.04
0 0.650390625 0.47265625 0.04 0.04
0 0.689453125 0.470703125 0.04 0.04
0 0.337890625 0.466796875 0.04 0.04
0 0.294921875 0.462890625 0.04 0.04
0 0.505859375 0.431640625 0.04 0.04
0 0.783203125 0.4296875 0.04 0.04
0 0.35546875 0.42578125 0.04 0.04
0 0.544921875 0.416015625 0.04 0.04
0 0.0703125 0.412109375 0.04 0.04
0 0.099609375 0.408203125 0.04 0.04
0 0.63671875 0.40625 0.04 0.04
0 0.34375 0.40625 0.04 0.04
0 0.7578125 0.40234375 0.04 0.04
0 0.24609375 0.3828125 0.04 0.04
0 0.724609375 0.369140625 0.04 0.04
0 0.673828125 0.369140625 0.04 0.04
0 0.494140625 0.3671875 0.04 0.04
0 0.1875 0.361328125 0.04 0.04
0 0.955078125 0.353515625 0.04 0.04
0 0.36328125 0.3515625 0.04 0.04
0 0.609375 0.33984375 0.04 0.04
0 0.09765625 0.33984375 0.04 0.04
0 0.19140625 0.32421875 0.04 0.04
0 0.240234375 0.3203125 0.04 0.04
0 0.537109375 0.318359375 0.04 0.04
0 0.8203125 0.31640625 0.04 0.04
0 0.400390625 0.31640625 0.04 0.04
0 0.376953125 0.298828125 0.04 0.04
0 0.076171875 0.287109375 0.04 0.04
0 0.296875 0.283203125 0.04 0.04
0 0.646484375 0.259765625 0.04 0.04
0 0.380859375 0.2578125 0.04 0.04
0 0.08984375 0.244140625 0.04 0.04
0 0.236328125 0.2421875 0.04 0.04
0 0.181640625 0.23828125 0.04 0.04
0 0.583984375 0.232421875 0.04 0.04
0 0.42578125 0.228515625 0.04 0.04
0 0.171875 0.224609375 0.04 0.04
0 0.5 0.216796875 0.04 0.04
0 0.470703125 0.216796875 0.04 0.04
0 0.248046875 0.216796875 0.04 0.04
0 0.732421875 0.21484375 0.04 0.04
0 0.640625 0.212890625 0.04 0.04
0 0.859375 0.2109375 0.04 0.04
0 0.0 0.205078125 0.04 0.04
0 0.927734375 0.19921875 0.04 0.04
0 0.876953125 0.1953125 0.04 0.04
0 0.984375 0.19140625 0.04 0.04
0 0.060546875 0.166015625 0.04 0.04
0 0.16015625 0.158203125 0.04 0.04
0 0.103515625 0.154296875 0.04 0.04
0 0.412109375 0.14453125 0.04 0.04
0 0.3203125 0.134765625 0.04 0.04
0 0.337890625 0.115234375 0.04 0.04
0 0.37109375 0.109375 0.04 0.04
0 0.328125 0.083984375 0.04 0.04
0 0.236328125 0.08203125 0.04 0.04
0 0.2578125 0.06640625 0.04 0.04
0 0.099609375 0.0625 0.04 0.04
0 0.05078125 0.0625 0.04 0.04
0 0.767578125 0.037109375 0.04 0.04
0 0.3515625 0.037109375 0.04 0.04
0 0.560546875 0.025390625 0.04 0.04
0 0.66015625 0.0234375 0.04 0.04
0 0.146484375 0.015625 0.04 0.04
0 0.017578125 0.01171875 0.04 0.04
