0 0.375 0.830078125 0.04 0.04
0 0.619140625 0.80078125 0.04 0.04
0 0.76171875 0.759765625 0.04 0.04
0 0.9921875 0.6640625 0.04 0.04
0 0.73828125 0.607421875 0.04 0.04
0 0.0 0.599609375 0.04 0.04
0 0.31640625 0.591796875 0.04 0.04
0 0.392578125 0.58203125 0.04 0.04
0 0.595703125 0.498046875 0.04 0.04
0 0.509765625 0.49609375 0.04 0.04
0 0.060546875 0.36328125 0.04 0.04
0 0.8359375 0.32421875 0.04 0.04
0 0.123046875 0.15625 0.04 0.04
0 0.21484375 0.115234375 0.04 0.04
0 0.33984375 0.10546875 0.04 0.04
0 0.142578125 0.025390625 0.04 0.04
