0 0.30078125 0.986328125 0.04 0.04
0 0.23828125 0.951171875 0.04 0.04
0 0.26171875 0.90625 0.04 0.04
0 0.15625 0.89453125 0.04 0.04
0 0.541015625 0.853515625 0.04 0.04
0 0.14453125 0.83203125 0.04 0.04
0 0.875 0.8203125 0.04 0.04
0 0.521484375 0.775390625 0.04 0.04
0 0.95703125 0.7734375 0.04 0.04
0 0.37890625 0.771484375 0.04 0.04
0 0.048828125 0.755859375 0.04 0.04
0 0.8515625 0.751953125 0.04 0.04
0 0.736328125 0.74609375 0.04 0.04
0 0.0078125 0.7421875 0.04 0.04
0 0.984375 0.73046875 0.04 0.04
0 0.396484375 0.7265625 0.04 0.04
0 0.046875 0.71875 0.04 0.04
0 0.310546875 0.685546875 0.04 0.04
0 0.896484375 0.681640625 0.04 0.04
0 0.794921875 0.66796875 0.04 0.04
0 0.69140625 0.65625 0.04 0.04
0 0.103515625 0.654296875 0.04 0.04
0 0.724609375 0.650390625 0.04 0.04
0 0.30859375 0.630859375 0.04 0.04
0 0.0 0.625 0.04 0.04
0 0.681640625 0.62109375 0.04 0.04
0 0.267578125 0.615234375 0.04 0.04
0 0.142578125 0.59765625 0.04 0.04
0 0.337890625 0.587890625 0.04 0.04
0 0.734375 0.576171875 0.04 0.04
0 0.998046875 0.5703125 0.04 0.04
0 0.50390625 0.5703125 0.04 0.04
0 0.861328125 0.560546875 0.04 0.04
0 0.818359375 0.560546875 0.04 0.04
0 0.0234375 0.53125 0.04 0.04
0 0.0 0.529296875 0.04 0.04
0 0.736328125 0.525390625 0.04 0.04
0 0.97265625 0.513671875 0.04 0.04
0 0.466796875 0.498046875 0.04 0.04
0 0.38671875 0.498046875 0.04 0.04
0 0.875 0.45703125 0.04 0.04
0 0.833984375 0.45703125 0.04 0.04
0 0.720703125 0.455078125 0.04 0.04
0 0.923828125 0.44921875 0.04 0.04
0 0.744140625 0.44140625 0.04 0.04
0 0.544921875 0.4296875 0.04 0.04
0 0.439453125 0.4296875 0.04 0.04
0 0.3203125 0.4296875 0.04 0.04
0 0.78125 0.42578125 0.04 0.04
0 0.970703125 0.416015625 0.04 0.04
0 0.607421875 0.4140625 0.04 0.04
0 0.70703125 0.412109375 0.04 0.04
0 0.0390625 0.404296875 0.04 0.04
0 0.578125 0.400390625 0.04 0.04
0 0.849609375 0.396484375 0.04 0.04
0 0.16015625 0.396484375 0.04 0.04
0 0.11328125 0.390625 0.04 0.04
0 0.41015625 0.3828125 0.04 0.04
0 0.33984375 0.3671875 0.04 0.04
0 0.203125 0.36328125 0.04 0.04
0 0.767578125 0.359375 0.04 0.04
0 0.57421875 0.359375 0.04 0.04
0 0.63671875 0.3359375 0.04 0.04
0 0.68359375 0.328125 0.04 0.04
0 0.873046875 0.32421875 0.04 0.04
0 0.896484375 0.31640625 0.04 0.04
0 0.740234375 0.31640625 0.04 0.04
0 0.791015625 0.314453125 0.04 0.04
0 0.591796875 0.310546875 0.04 0.04
0 0.361328125 0.294921875 0.04 0.04
0 0.142578125 0.294921875 0.04 0.04
0 0.552734375 0.28515625 0.04 0.04
0 0.265625 0.28125 0.04 0.04
0 0.70703125 0.275390625 0.04 0.04
0 0.0390625 0.267578125 0.04 0.04
0 0.8515625 0.2578125 0.04 0.04
0 0.607421875 0.251953125 0.04 0.04
0 0.537109375 0.251953125 0.04 0.04
0 0.171875 0.24609375 0.04 0.04
0 0.40625 0.228515625 0.04 0.04
0 0.12890625 0.224609375 0.04 0.04
0 0.064453125 0.21484375 0.04 0.04
0 0.552734375 0.2109375 0.04 0.04
0 0.203125 0.205078125 0.04 0.04
0 0.53125 0.197265625 0.04 0.04
0 0.98828125 0.1875 0.04 0.04
0 0.33203125 0.1875 0.04 0.04
0 0.43359375 0.18359375 0.04 0.04
0 0.26171875 0.18359375 0.04 0.04
0 0.0859375 0.16796875 0.04 0.04
0 0.8359375 0.14453125 0.04 0.04
0 0.623046875 0.140625 0.04 0.04
0 0.46875 0.134765625 0.04 0.04
0 0.197265625 0.134765625 0.04 0.04
0 0.12109375 0.1328125 0.04 0.04
0 0.0703125 0.119140625 0.04 0.04
0 0.8828125 0.107421875 0.04 0.04
0 0.6953125 0.10546875 0.04 0.04
0 0.654296875 0.10546875 0.04 0.04
0 0.609375 0.10546875 0.04 0.04
0 0.9296875 0.087890625 0.04 0.04
0 0.671875 0.080078125 0.04 0.04
0 0.521484375 0.078125 0.04 0.04
0 0.45703125 0.078125 0.04 0.04
0 0.443359375 0.078125 0.04 0.04
0 0.20703125 0.064453125 0.04 0.04
0 0.505859375 0.052734375 0.04 0.04
0 0.703125 0.041015625 0.04 0.04
0 0.728515625 0.0390625 0.04 0.04
0 0.560546875 0.03125 0.04 0.04
0 0.580078125 0.0234375 0.04 0.04
0 0.646484375 0.021484375 0.04 0.04
0 0.931640625 0.013671875 0.04 0.04
0 0.671875 0.013671875 0.04 0.04
0 0.05859375 0.009765625 0.04 0.04
0 0.533203125 0.00390625 0.04 0.04
0 0.458984375 0.0 0.04 0.04
