0 0.7265625 0.998046875 0.04 0.04
0 0.4921875 0.9375 0.04 0.04
0 0.69921875 0.91015625 0.04 0.04
0 0.642578125 0.90234375 0.04 0.04
0 0.17578125 0.90234375 0.04 0.04
0 0.498046875 0.8828125 0.04 0.04
0 0.876953125 0.87890625 0.04 0.04
0 0.779296875 0.8671875 0.04 0.04
0 0.572265625 0.8671875 0.04 0.04
0 0.5546875 0.798828125 0.04 0.04
0 0.32421875 0.75390625 0.04 0.04
0 0.646484375 0.73828125 0.04 0.04
0 0.865234375 0.720703125 0.04 0.04
0 0.45703125 0.689453125 0.04 0.04
0 0.212890625 0.650390625 0.04 0.04
0 0.48046875 0.646484375 0.04 0.04
0 0.96875 0.634765625 0.04 0.04
0 0.71875 0.21875 0.04 0.04
0 0.724609375 0.197265625 0.04 0.04
0 0.640625 0.10546875 0.04 0.04
0 0.6875 0.0390625 0.04 0.04
0 0.72265625 0.017578125 0.04 0.04
