0 0.75 0.990234375 0.04 0.04
0 0.54296875 0.97265625 0.04 0.04
0 0.4453125 0.966796875 0.04 0.04
0 0.591796875 0.955078125 0.04 0.04
0 0.822265625 0.927734375 0.04 0.04
0 0.38671875 0.91796875 0.04 0.04
0 0.384765625 0.85546875 0.04 0.04
0 0.59375 0.779296875 0.04 0.04
0 0.28125 0.75390625 0.04 0.04
0 0.044921875 0.662109375 0.04 0.04
0 0.291015625 0.654296875 0.04 0.04
0 0.091796875 0.5625 0.04 0.04
0 0.87890625 0.447265625 0.04 0.04
0 0.251953125 0.31640625 0.04 0.04
0 0.107421875 0.205078125 0.04 0.04
0 0.216796875 0.154296875 0.04 0.04
0 0.943359375 0.150390625 0.04 0.04
0 0.041015625 0.025390625 0.04 0.04
0 0.001953125 0.0 0.04 0.04
