0 0.55859375 0.998046875 0.04 0.04
0 0.35546875 0.998046875 0.04 0.04
0 0.142578125 0.998046875 0.04 0.04
0 0.21484375 0.99609375 0.04 0.04
0 0.87109375 0.990234375 0.04 0.04
0 0.029296875 0.990234375 0.04 0.04
0 0.462890625 0.986328125 0.04 0.04
0 0.06640625 0.982421875 0.04 0.04
0 0.283203125 0.978515625 0.04 0.04
0 0.09765625 0.9765625 0.04 0.04
0 0.046875 0.97265625 0.04 0.04
0 0.32421875 0.96875 0.04 0.04
0 0.435546875 0.962890625 0.04 0.04
0 0.95703125 0.943359375 0.04 0.04
0 0.916015625 0.943359375 0.04 0.04
0 0.853515625 0.943359375 0.04 0.04
0 0.052734375 0.94140625 0.04 0.04
0 0.64453125 0.9375 0.04 0.04
0 0.21875 0.921875 0.04 0.04
0 0.123046875 0.91796875 0.04 0.04
0 0.345703125 0.916015625 0.04 0.04
0 0.603515625 0.912109375 0.04 0.04
0 0.0 0.912109375 0.04 0.04
0 0.78125 0.91015625 0.04 0.04
0 0.447265625 0.908203125 0.04 0.04
0 0.537109375 0.904296875 0.04 0.04
0 0.044921875 0.892578125 0.04 0.04
0 0.63671875 0.890625 0.04 0.04
0 0.248046875 0.880859375 0.04 0.04
0 0.025390625 0.87890625 0.04 0.04
0 0.517578125 0.875 0.04 0.04
0 0.337890625 0.869140625 0.04 0.04
0 0.9296875 0.8671875 0.04 0.04
0 0.1484375 0.8671875 0.04 0.04
0 0.185546875 0.859375 0.04 0.04
0 0.28125 0.857421875 0.04 0.04
0 0.0 0.8515625 0.04 0.04
0 0.09375 0.845703125 0.04 0.04
0 0.998046875 0.841796875 0.04 0.04
0 0.533203125 0.83984375 0.04 0.04
0 0.84765625 0.837890625 0.04 0.04
0 0.662109375 0.837890625 0.04 0.04
0 0.361328125 0.826171875 0.04 0.04
0 0.748046875 0.814453125 0.04 0.04
0 0.96875 0.810546875 0.04 0.04
0 0.70703125 0.80859375 0.04 0.04
0 0.33203125 0.80859375 0.04 0.04
0 0.419921875 0.806640625 0.04 0.04
0 0.51953125 0.802734375 0.04 0.04
0 0.998046875 0.79296875 0.04 0.04
0 0.6328125 0.787109375 0.04 0.04
0 0.890625 0.78515625 0.04 0.04
0 0.572265625 0.783203125 0.04 0.04
0 0.361328125 0.78125 0.04 0.04
0 0.814453125 0.7734375 0.04 0.04
0 0.60546875 0.771484375 0.04 0.04
0 0.705078125 0.759765625 0.04 0.04
0 0.130859375 0.7578125 0.04 0.04
0 0.341796875 0.751953125 0.04 0.04
0 0.177734375 0.712890625 0.04 0.04
0 0.732421875 0.703125 0.04 0.04
0 0.1796875 0.689453125 0.04 0.04
0 0.4296875 0.6328125 0.04 0.04
0 0.12890625 0.626953125 0.04 0.04
0 0.40625 0.623046875 0.04 0.04
0 0.154296875 0.6015625 0.04 0.04
0 0.28515625 0.583984375 0.04 0.04
0 0.92578125 0.57421875 0.04 0.04
0 0.8125 0.556640625 0.04 0.04
0 0.1640625 0.533203125 0.04 0.04
0 0.978515625 0.53125 0.04 0.04
0 0.6796875 0.52734375 0.04 0.04
0 0.078125 0.525390625 0.04 0.04
0 0.263671875 0.517578125 0.04 0.04
0 0.029296875 0.462890625 0.04 0.04
0 0.0 0.423828125 0.04 0.04
0 0.140625 0.345703125 0.04 0.04
0 0.310546875 0.3046875 0.04 0.04
0 0.662109375 0.296875 0.04 0.04
0 0.716796875 0.265625 0.04 0.04
0 0.962890625 0.259765625 0.04 0.04
0 0.873046875 0.17578125 0.04 0.04
0 0.6328125 0.134765625 0.04 0.04
0 0.859375 0.033203125 0.04 0.04
0 0.6171875 0.033203125 0.04 0.04
0 0.5625 0.013671875 0.04 0.04
