0 0.98828125 0.732421875 0.04 0.04
0 0.560546875 0.650390625 0.04 0.04
0 0.669921875 0.630859375 0.04 0.04
0 0.998046875 0.625 0.04 0.04
0 0.8046875 0.625 0.04 0.04
0 0.4140625 0.6015625 0.04 0.04
0 0.17578125 0.572265625 0.04 0.04
0 0.453125 0.5390625 0.04 0.04
0 0.26171875 0.5390625 0.04 0.04
0 0.65234375 0.53515625 0.04 0.04
0 0.998046875 0.529296875 0.04 0.04
0 0.947265625 0.513671875 0.04 0.04
0 0.958984375 0.4609375 0.04 0.04
0 0.44140625 0.439453125 0.04 0.04
0 0.947265625 0.431640625 0.04 0.04
0 0.724609375 0.42578125 0.04 0.04
0 0.45703125 0.419921875 0.04 0.04
0 0.642578125 0.40234375 0.04 0.04
0 0.541015625 0.40234375 0.04 0.04
0 0.94140625 0.392578125 0.04 0.04
0 0.49609375 0.38671875 0.04 0.04
0 0.638671875 0.359375 0.04 0.04
0 0.947265625 0.34375 0.04 0.04
0 0.904296875 0.310546875 0.04 0.04
0 0.931640625 0.27734375 0.04 0.04
0 0.265625 0.27734375 0.04 0.04
0 0.974609375 0.228515625 0.04 0.04
0 0.490234375 0.224609375 0.04 0.04
0 0.98828125 0.201171875 0.04 0.04
0 0.9453125 0.1796875 0.04 0.04
0 0.58203125 0.15234375 0.04 0.04
0 0.44921875 0.15234375 0.04 0.04
0 0.97265625 0.13671875 0.04 0.04
0 0.42578125 0.1171875 0.04 0.04
0 0.80078125 0.109375 0.04 0.04
0 0.7578125 0.109375 0.04 0.04
0 0.888671875 0.1015625 0.04 0.04
0 0.921875 0.041015625 0.04 0.04
0 0.84765625 0.025390625 0.04 0.04
0 0.55078125 0.0 0.04 0.04
