0 0.271484375 0.96875 0.04 0.04
0 0.13671875 0.966796875 0.04 0.04
0 0.671875 0.962890625 0.04 0.04
0 0.474609375 0.931640625 0.04 0.04
0 0.6328125 0.923828125 0.04 0.04
0 0.951171875 0.89453125 0.04 0.04
0 0.28515625 0.85546875 0.04 0.04
0 0.87109375 0.8203125 0.04 0.04
0 0.94921875 0.560546875 0.04 0.04
0 0.86328125 0.48046875 0.04 0.04
0 0.908203125 0.419921875 0.04 0.04
0 0.775390625 0.28125 0.04 0.04
0 0.294921875 0.177734375 0.04 0.04
0 0.470703125 0.1484375 0.04 0.04
0 0.326171875 0.138671875 0.04 0.04
0 0.283203125 0.119140625 0.04 0.04
0 0.150390625 0.064453125 0.04 0.04
