0 0.892578125 0.962890625 0.04 0.04
0 0.630859375 0.943359375 0.04 0.04
0 0.564453125 0.91015625 0.04 0.04
0 0.728515625 0.90234375 0.04 0.04
0 0.49609375 0.888671875 0.04 0.04
0 0.404296875 0.8671875 0.04 0.04
0 0.693359375 0.724609375 0.04 0.04
0 0.5 0.703125 0.04 0.04
0 0.279296875 0.67578125 0.04 0.04
0 0.173828125 0.673828125 0.04 0.04
0 0.435546875 0.666015625 0.04 0.04
0 0.26953125 0.66015625 0.04 0.04
0 0.44140625 0.630859375 0.04 0.04
0 0.6875 0.59765625 0.04 0.04
0 0.05078125 0.59765625 0.04 0.04
0 0.232421875 0.58984375 0.04 0.04
0 0.134765625 0.54296875 0.04 0.04
0 0.57421875 0.5234375 0.04 0.04
0 0.44921875 0.501953125 0.04 0.04
0 0.5859375 0.470703125 0.04 0.04
0 0.25390625 0.453125 0.04 0.04
0 0.203125 0.443359375 0.04 0.04
0 0.37109375 0.3984375 0.04 0.04
0 0.8359375 0.39453125 0.04 0.04
0 0.130859375 0.380859375 0.04 0.04
0 0.751953125 0.345703125 0.04 0.04
0 0.2421875 0.259765625 0.04 0.04
0 0.15625 0.236328125 0.04 0.04
0 0.546875 0.22265625 0.04 0.04
0 0.29296875 0.21484375 0.04 0.04
0 0.81640625 0.201171875 0.04 0.04
0 0.712890625 0.201171875 0.04 0.04
0 0.267578125 0.1953125 0.04 0.04
0 0.224609375 0.189453125 0.04 0.04
0 0.599609375 0.1875 0.04 0.04
0 0.06640625 0.17578125 0.04 0.04
0 0.169921875 0.1640625 0.04 0.04
0 0.607421875 0.154296875 0.04 0.04
0 0.283203125 0.142578125 0.04 0.04
0 0.21484375 0.142578125 0.04 0.04
0 0.541015625 0.107421875 0.04 0.04
0 0.634765625 0.03125 0.04 0.04
