0 0.05859375 0.728515625 0.04 0.04
0 0.958984375 0.65625 0.04 0.04
0 0.765625 0.638671875 0.04 0.04
0 0.3671875 0.59375 0.04 0.04
0 0.333984375 0.572265625 0.04 0.04
0 0.88671875 0.568359375 0.04 0.04
0 0.7578125 0.548828125 0.04 0.04
0 0.970703125 0.52734375 0.04 0.04
0 0.7265625 0.4375 0.04 0.04
0 0.92578125 0.265625 0.04 0.04
0 0.888671875 0.240234375 0.04 0.04
0 0.16796875 0.15625 0.04 0.04
0 0.65625 0.130859375 0.04 0.04
0 0.94140625 0.09375 0.04 0.04
0 0.419921875 0.080078125 0.04 0.04
0 0.33984375 0.013671875 0.04 0.04
