0 0.9609375 0.748046875 0.04 0.04
0 0.896484375 0.703125 0.04 0.04
0 0.982421875 0.609375 0.04 0.04
0 0.615234375 0.55859375 0.04 0.04
0 0.7578125 0.541015625 0.04 0.04
0 0.775390625 0.44921875 0.04 0.04
0 0.83203125 0.4375 0.04 0.04
0 0.97265625 0.41796875 0.04 0.04
0 0.8984375 0.345703125 0.04 0.04
0 0.955078125 0.33984375 0.04 0.04
0 0.60546875 0.3125 0.04 0.04
0 0.98828125 0.3046875 0.04 0.04
0 0.93359375 0.2578125 0.04 0.04
0 0.966796875 0.25390625 0.04 0.04
0 0.720703125 0.091796875 0.04 0.04
0 0.7421875 0.05859375 0.04 0.04
0 0.7421875 0.03515625 0.04 0.04
0 0.78125 0.013671875 0.04 0.04
0 0.880859375 0.009765625 0.04 0.04
