0 0.712890625 0.939453125 0.04 0.04
0 0.666015625 0.78515625 0.04 0.04
0 0.080078125 0.630859375 0.04 0.04
0 0.96875 0.552734375 0.04 0.04
0 0.9453125 0.54296875 0.04 0.04
0 0.798828125 0.44921875 0.04 0.04
0 0.958984375 0.447265625 0.04 0.04
0 0.7265625 0.419921875 0.04 0.04
0 0.91015625 0.3828125 0.04 0.04
0 0.9609375 0.2734375 0.04 0.04
0 0.849609375 0.240234375 0.04 0.04
0 0.658203125 0.21875 0.04 0.04
0 0.732421875 0.208984375 0.04 0.04
0 0.8359375 0.19140625 0.04 0.04
0 0.771484375 0.181640625 0.04 0.04
0 0.671875 0.16015625 0.04 0.04
0 0.44140625 0.158203125 0.04 0.04
0 0.7421875 0.15625 0.04 0.04
0 0.908203125 0.12890625 0.04 0.04
0 0.83984375 0.125 0.04 0.04
0 0.45703125 0.125 0.04 0.04
0 0.509765625 0.119140625 0.04 0.04
0 0.7890625 0.1171875 0.04 0.04
0 0.6875 0.1171875 0.04 0.04
0 0.58203125 0.07421875 0.04 0.04
0 0.865234375 0.0703125 0.04 0.04
0 0.74609375 0.060546875 0.04 0.04
0 0.806640625 0.05859375 0.04 0.04
0 0.43359375 0.052734375 0.04 0.04
0 0.546875 0.03125 0.04 0.04
0 0.388671875 0.02734375 0.04 0.04
0 0.865234375 0.015625 0.04 0.04
0 0.9609375 0.0 0.04 0.04
0 0.84375 0.0 0.04 0.04
0 0.12109375 0.0 0.04 0.04
