0 0.33203125 0.900390625 0.04 0.04
0 0.1484375 0.84765625 0.04 0.04
0 0.13671875 0.83984375 0.04 0.04
0 0.662109375 0.78515625 0.04 0.04
0 0.236328125 0.732421875 0.04 0.04
0 0.224609375 0.72265625 0.04 0.04
0 0.75390625 0.716796875 0.04 0.04
0 0.625 0.642578125 0.04 0.04
0 0.7890625 0.623046875 0.04 0.04
0 0.537109375 0.572265625 0.04 0.04
0 0.767578125 0.54296875 0.04 0.04
0 0.607421875 0.5390625 0.04 0.04
0 0.912109375 0.537109375 0.04 0.04
0 0.310546875 0.4765625 0.04 0.04
0 0.951171875 0.462890625 0.04 0.04
0 0.232421875 0.416015625 0.04 0.04
0 0.181640625 0.333984375 0.04 0.04
0 0.78515625 0.236328125 0.04 0.04
0 0.884765625 0.201171875 0.04 0.04
0 0.970703125 0.134765625 0.04 0.04
0 0.1171875 0.07421875 0.04 0.04
