0 0.41015625 0.66015625 0.04 0.04
0 0.4609375 0.59765625 0.04 0.04
0 0.662109375 0.51953125 0.04 0.04
0 0.529296875 0.505859375 0.04 0.04
0 0.42578125 0.5 0.04 0.04
0 0.541015625 0.4765625 0.04 0.04
0 0.47265625 0.439453125 0.04 0.04
0 0.30078125 0.36328125 0.04 0.04
0 0.326171875 0.359375 0.04 0.04
0 0.09765625 0.35546875 0.04 0.04
0 0.06640625 0.3203125 0.04 0.04
0 0.462890625 0.24609375 0.04 0.04
0 0.25390625 0.18359375 0.04 0.04
0 0.228515625 0.18359375 0.04 0.04
0 0.64453125 0.150390625 0.04 0.04
0 0.3125 0.1484375 0.04 0.04
0 0.41015625 0.140625 0.04 0.04
0 0.625 0.126953125 0.04 0.04
0 0.30078125 0.046875 0.04 0.04
