0 0.32421875 0.998046875 0.04 0.04
0 0.986328125 0.94140625 0.04 0.04
0 0.337890625 0.91015625 0.04 0.04
0 0.611328125 0.90234375 0.04 0.04
0 0.853515625 0.869140625 0.04 0.04
0 0.80859375 0.810546875 0.04 0.04
0 0.564453125 0.78515625 0.04 0.04
0 0.857421875 0.64453125 0.04 0.04
0 0.87890625 0.404296875 0.04 0.04
0 0.408203125 0.3515625 0.04 0.04
0 0.9453125 0.32421875 0.04 0.04
0 0.642578125 0.271484375 0.04 0.04
0 0.439453125 0.259765625 0.04 0.04
0 0.49609375 0.15625 0.04 0.04
0 0.470703125 0.126953125 0.04 0.04
0 0.013671875 0.10546875 0.04 0.04
0 0.36328125 0.009765625 0.04 0.04
