0 0.583984375 0.158203125 0.04 0.04
0 0.65234375 0.146484375 0.04 0.04
0 0.521484375 0.12890625 0.04 0.04
0 0.3515625 0.107421875 0.04 0.04
0 0.072265625 0.107421875 0.04 0.04
0 0.6640625 0.10546875 0.04 0.04
0 0.2734375 0.091796875 0.04 0.04
0 0.4765625 0.083984375 0.04 0.04
0 0.33203125 0.083984375 0.04 0.04
0 0.142578125 0.08203125 0.04 0.04
0 0.52734375 0.076171875 0.04 0.04
0 0.0546875 0.076171875 0.04 0.04
0 0.42578125 0.07421875 0.04 0.04
0 0.37109375 0.07421875 0.04 0.04
0 0.205078125 0.068359375 0.04 0.04
0 0.00390625 0.068359375 0.04 0.04
0 0.443359375 0.046875 0.04 0.04
0 0.666015625 0.044921875 0.04 0.04
0 0.9296875 0.04296875 0.04 0.04
0 0.109375 0.04296875 0.04 0.04
0 0.44921875 0.037109375 0.04 0.04
0 0.998046875 0.029296875 0.04 0.04
0 0.591796875 0.029296875 0.04 0.04
0 0.177734375 0.029296875 0.04 0.04
0 0.291015625 0.02734375 0.04 0.04
0 0.50390625 0.01953125 0.04 0.04
0 0.021484375 0.017578125 0.04 0.04
0 0.9140625 0.015625 0.04 0.04
0 0.671875 0.009765625 0.04 0.04
0 0.244140625 0.0078125 0.04 0.04
0 0.55859375 0.0 0.04 0.04
0 0.35546875 0.0 0.04 0.04
0 0.21484375 0.0 0.04 0.04
0 0.142578125 0.0 0.04 0.04
