0 0.36328125 0.95703125 0.04 0.04
0 0.0234375 0.943359375 0.04 0.04
0 0.064453125 0.9140625 0.04 0.04
0 0.021484375 0.884765625 0.04 0.04
0 0.0 0.869140625 0.04 0.04
0 0.333984375 0.857421875 0.04 0.04
0 0.189453125 0.798828125 0.04 0.04
0 0.568359375 0.791015625 0.04 0.04
0 0.146484375 0.771484375 0.04 0.04
0 0.76171875 0.75 0.04 0.04
0 0.07421875 0.74609375 0.04 0.04
0 0.880859375 0.66015625 0.04 0.04
0 0.8359375 0.64453125 0.04 0.04
0 0.943359375 0.61328125 0.04 0.04
0 0.70703125 0.576171875 0.04 0.04
0 0.669921875 0.576171875 0.04 0.04
0 0.96484375 0.51171875 0.04 0.04
0 0.57421875 0.09765625 0.04 0.04
0 0.58203125 0.095703125 0.04 0.04
0 0.650390625 0.083984375 0.04 0.04
