0 0.12890625 0.97265625 0.04 0.04
0 0.7421875 0.94140625 0.04 0.04
0 0.044921875 0.8984375 0.04 0.04
0 0.818359375 0.791015625 0.04 0.04
0 0.73828125 0.78515625 0.04 0.04
0 0.912109375 0.724609375 0.04 0.04
0 0.9765625 0.708984375 0.04 0.04
0 0.619140625 0.708984375 0.04 0.04
0 0.36328125 0.701171875 0.04 0.04
0 0.248046875 0.701171875 0.04 0.04
0 0.640625 0.62890625 0.04 0.04
0 0.162109375 0.541015625 0.04 0.04
0 0.318359375 0.48828125 0.04 0.04
0 0.0546875 0.4609375 0.04 0.04
0 0.736328125 0.443359375 0.04 0.04
0 0.3828125 0.423828125 0.04 0.04
0 0.728515625 0.388671875 0.04 0.04
0 0.439453125 0.318359375 0.04 0.04
0 0.619140625 0.302734375 0.04 0.04
0 0.455078125 0.19140625 0.04 0.04
0 0.638671875 0.189453125 0.04 0.04
0 0.9453125 0.14453125 0.04 0.04
0 0.599609375 0.140625 0.04 0.04
0 0.935546875 0.134765625 0.04 0.04
0 0.740234375 0.125 0.04 0.04
0 0.19140625 0.099609375 0.04 0.04
0 0.712890625 0.087890625 0.04 0.04
0 0.275390625 0.072265625 0.04 0.04
0 0.47265625 0.060546875 0.04 0.04
0 0.029296875 0.04296875 0.04 0.04
