0 0.587890625 0.998046875 0.04 0.04
0 0.22265625 0.984375 0.04 0.04
0 0.8984375 0.966796875 0.04 0.04
0 0.822265625 0.837890625 0.04 0.04
0 0.380859375 0.8046875 0.04 0.04
0 0.7578125 0.7734375 0.04 0.04
0 0.369140625 0.599609375 0.04 0.04
0 0.26171875 0.591796875 0.04 0.04
0 0.970703125 0.54296875 0.04 0.04
0 0.109375 0.49609375 0.04 0.04
0 0.42578125 0.443359375 0.04 0.04
0 0.109375 0.421875 0.04 0.04
0 0.36328125 0.416015625 0.04 0.04
0 0.51171875 0.39453125 0.04 0.04
0 0.15234375 0.375 0.04 0.04
0 0.42578125 0.298828125 0.04 0.04
0 0.0859375 0.296875 0.04 0.04
0 0.57421875 0.248046875 0.04 0.04
0 0.486328125 0.205078125 0.04 0.04
0 0.330078125 0.205078125 0.04 0.04
0 0.587890625 0.169921875 0.04 0.04
0 0.494140625 0.142578125 0.04 0.04
0 0.0 0.134765625 0.04 0.04
