0 0.5 0.998046875 0.04 0.04
0 0.03515625 0.978515625 0.04 0.04
0 0.712890625 0.974609375 0.04 0.04
0 0.998046875 0.96875 0.04 0.04
0 0.65625 0.966796875 0.04 0.04
0 0.611328125 0.966796875 0.04 0.04
0 0.138671875 0.966796875 0.04 0.04
0 0.5703125 0.96484375 0.04 0.04
0 0.3359375 0.962890625 0.04 0.04
0 0.923828125 0.953125 0.04 0.04
0 0.998046875 0.94140625 0.04 0.04
0 0.515625 0.92578125 0.04 0.04
0 0.78515625 0.91015625 0.04 0.04
0 0.689453125 0.91015625 0.04 0.04
0 0.58203125 0.91015625 0.04 0.04
0 0.869140625 0.90625 0.04 0.04
0 0.037109375 0.890625 0.04 0.04
0 0.7265625 0.876953125 0.04 0.04
0 0.908203125 0.865234375 0.04 0.04
0 0.123046875 0.86328125 0.04 0.04
0 0.57421875 0.85546875 0.04 0.04
0 0.9453125 0.822265625 0.04 0.04
0 0.8359375 0.814453125 0.04 0.04
0 0.88671875 0.80078125 0.04 0.04
0 0.640625 0.791015625 0.04 0.04
0 0.72265625 0.7890625 0.04 0.04
0 0.80859375 0.78515625 0.04 0.04
0 0.55859375 0.763671875 0.04 0.04
0 0.125 0.744140625 0.04 0.04
0 0.25390625 0.734375 0.04 0.04
0 0.537109375 0.73046875 0.04 0.04
0 0.150390625 0.728515625 0.04 0.04
0 0.984375 0.716796875 0.04 0.04
0 0.390625 0.716796875 0.04 0.04
0 0.482421875 0.708984375 0.04 0.04
0 0.357421875 0.708984375 0.04 0.04
0 0.916015625 0.703125 0.04 0.04
0 0.3984375 0.701171875 0.04 0.04
0 0.728515625 0.6875 0.04 0.04
0 0.849609375 0.68359375 0.04 0.04
0 0.908203125 0.6796875 0.04 0.04
0 0.1640625 0.677734375 0.04 0.04
0 0.8203125 0.669921875 0.04 0.04
0 0.96875 0.65625 0.04 0.04
0 0.62890625 0.6484375 0.04 0.04
0 0.1640625 0.34765625 0.04 0.04
0 0.92578125 0.337890625 0.04 0.04
0 0.13671875 0.337890625 0.04 0.04
0 0.46875 0.31640625 0.04 0.04
0 0.611328125 0.310546875 0.04 0.04
0 0.6796875 0.298828125 0.04 0.04
0 0.35546875 0.291015625 0.04 0.04
0 0.0 0.279296875 0.04 0.04
0 0.212890625 0.267578125 0.04 0.04
0 0.0703125 0.267578125 0.04 0.04
0 0.52734375 0.26171875 0.04 0.04
0 0.91015625 0.255859375 0.04 0.04
0 0.18359375 0.255859375 0.04 0.04
0 0.328125 0.25 0.04 0.04
0 0.2578125 0.25 0.04 0.04
0 0.599609375 0.248046875 0.04 0.04
0 0.419921875 0.240234375 0.04 0.04
0 0.5625 0.23828125 0.04 0.04
0 0.228515625 0.20703125 0.04 0.04
0 0.947265625 0.189453125 0.04 0.04
0 0.810546875 0.166015625 0.04 0.04
0 0.78125 0.154296875 0.04 0.04
0 0.912109375 0.13671875 0.04 0.04
0 0.189453125 0.099609375 0.04 0.04
0 0.080078125 0.0703125 0.04 0.04
0 0.806640625 0.017578125 0.04 0.04
0 0.0 0.01171875 0.04 0.04
0 0.7265625 0.0 0.04 0.04
