0 0.427734375 0.974609375 0.04 0.04
0 0.1875 0.9453125 0.04 0.04
0 0.25390625 0.935546875 0.04 0.04
0 0.609375 0.796875 0.04 0.04
0 0.470703125 0.783203125 0.04 0.04
0 0.5234375 0.767578125 0.04 0.04
0 0.640625 0.736328125 0.04 0.04
0 0.734375 0.671875 0.04 0.04
0 0.818359375 0.662109375 0.04 0.04
0 0.36328125 0.578125 0.04 0.04
0 0.6328125 0.55078125 0.04 0.04
0 0.056640625 0.53515625 0.04 0.04
0 0.326171875 0.529296875 0.04 0.04
0 0.130859375 0.521484375 0.04 0.04
0 0.546875 0.470703125 0.04 0.04
0 0.181640625 0.44921875 0.04 0.04
0 0.056640625 0.439453125 0.04 0.04
0 0.58984375 0.423828125 0.04 0.04
0 0.064453125 0.4140625 0.04 0.04
0 0.544921875 0.36328125 0.04 0.04
0 0.56640625 0.318359375 0.04 0.04
0 0.46484375 0.318359375 0.04 0.04
0 0.427734375 0.3125 0.04 0.04
0 0.0546875 0.2890625 0.04 0.04
0 0.658203125 0.263671875 0.04 0.04
0 0.796875 0.255859375 0.04 0.04
0 0.453125 0.240234375 0.04 0.04
0 0.669921875 0.232421875 0.04 0.04
0 0.380859375 0.220703125 0.04 0.04
0 0.5546875 0.193359375 0.04 0.04
0 0.341796875 0.193359375 0.04 0.04
0 0.734375 0.177734375 0.04 0.04
0 0.572265625 0.169921875 0.04 0.04
0 0.3671875 0.169921875 0.04 0.04
0 0.80078125 0.158203125 0.04 0.04
0 0.8203125 0.150390625 0.04 0.04
0 0.314453125 0.146484375 0.04 0.04
0 0.509765625 0.109375 0.04 0.04
0 0.6484375 0.10546875 0.04 0.04
0 0.6875 0.091796875 0.04 0.04
0 0.2421875 0.091796875 0.04 0.04
0 0.275390625 0.087890625 0.04 0.04
0 0.82421875 0.076171875 0.04 0.04
0 0.744140625 0.072265625 0.04 0.04
0 0.748046875 0.0390625 0.04 0.04
0 0.5625 0.029296875 0.04 0.04
0 0.986328125 0.017578125 0.04 0.04
0 0.486328125 0.017578125 0.04 0.04
0 0.119140625 0.017578125 0.04 0.04
0 0.5546875 0.015625 0.04 0.04
0 0.892578125 0.0078125 0.04 0.04
