0 0.19140625 0.6484375 0.04 0.04
0 0.970703125 0.51171875 0.04 0.04
0 0.443359375 0.4921875 0.04 0.04
0 0.900390625 0.47265625 0.04 0.04
0 0.43359375 0.439453125 0.04 0.04
0 0.982421875 0.41796875 0.04 0.04
0 0.134765625 0.400390625 0.04 0.04
0 0.9453125 0.390625 0.04 0.04
0 0.39453125 0.380859375 0.04 0.04
0 0.435546875 0.376953125 0.04 0.04
0 0.296875 0.359375 0.04 0.04
0 0.486328125 0.353515625 0.04 0.04
0 0.453125 0.341796875 0.04 0.04
0 0.552734375 0.32421875 0.04 0.04
0 0.015625 0.23046875 0.04 0.04
0 0.46875 0.2265625 0.04 0.04
0 0.009765625 0.203125 0.04 0.04
0 0.3984375 0.18359375 0.04 0.04
0 0.884765625 0.181640625 0.04 0.04
0 0.31640625 0.17578125 0.04 0.04
0 0.466796875 0.15234375 0.04 0.04
0 0.27734375 0.142578125 0.04 0.04
0 0.0234375 0.12890625 0.04 0.04
0 0.455078125 0.119140625 0.04 0.04
0 0.314453125 0.1171875 0.04 0.04
0 0.1640625 0.10546875 0.04 0.04
0 0.234375 0.09375 0.04 0.04
0 0.41796875 0.091796875 0.04 0.04
0 0.0703125 0.06640625 0.04 0.04
0 0.328125 0.05859375 0.04 0.04
0 0.5 0.04296875 0.04 0.04
0 0.251953125 0.029296875 0.04 0.04
0 0.474609375 0.025390625 0.04 0.04
0 0.35546875 0.025390625 0.04 0.04
0 0.421875 0.017578125 0.04 0.04
0 0.32421875 0.017578125 0.04 0.04
