0 0.376953125 0.921875 0.04 0.04
0 0.193359375 0.904296875 0.04 0.04
0 0.298828125 0.828125 0.04 0.04
0 0.1640625 0.81640625 0.04 0.04
0 0.3671875 0.75390625 0.04 0.04
0 0.3125 0.744140625 0.04 0.04
0 0.328125 0.70703125 0.04 0.04
0 0.376953125 0.58203125 0.04 0.04
0 0.560546875 0.4765625 0.04 0.04
0 0.51953125 0.41015625 0.04 0.04
0 0.82421875 0.39453125 0.04 0.04
0 0.52734375 0.392578125 0.04 0.04
0 0.4375 0.2734375 0.04 0.04
0 0.0 0.12890625 0.04 0.04
0 0.4140625 0.076171875 0.04 0.04
0 0.400390625 0.0390625 0.04 0.04
0 0.291015625 0.009765625 0.04 0.04
