0 0.767578125 0.97265625 0.04 0.04
0 0.9453125 0.96875 0.04 0.04
0 0.2421875 0.9375 0.04 0.04
0 0.072265625 0.921875 0.04 0.04
0 0.10546875 0.83984375 0.04 0.04
0 0.025390625 0.814453125 0.04 0.04
0 0.861328125 0.7734375 0.04 0.04
0 0.76171875 0.611328125 0.04 0.04
0 0.439453125 0.580078125 0.04 0.04
0 0.419921875 0.47265625 0.04 0.04
0 0.626953125 0.421875 0.04 0.04
0 0.474609375 0.412109375 0.04 0.04
0 0.966796875 0.404296875 0.04 0.04
0 0.880859375 0.40234375 0.04 0.04
0 0.27734375 0.37109375 0.04 0.04
0 0.71484375 0.2890625 0.04 0.04
0 0.76953125 0.27734375 0.04 0.04
0 0.8125 0.248046875 0.04 0.04
0 0.6875 0.24609375 0.04 0.04
0 0.91015625 0.189453125 0.04 0.04
0 0.5546875 0.14453125 0.04 0.04
0 0.998046875 0.134765625 0.04 0.04
0 0.482421875 0.0859375 0.04 0.04
