0 0.1328125 0.953125 0.04 0.04
0 0.37890625 0.775390625 0.04 0.04
0 0.05859375 0.765625 0.04 0.04
0 0.78515625 0.626953125 0.04 0.04
0 0.984375 0.62109375 0.04 0.04
0 0.611328125 0.5546875 0.04 0.04
0 0.388671875 0.4921875 0.04 0.04
0 0.30859375 0.484375 0.04 0.04
0 0.681640625 0.4765625 0.04 0.04
0 0.4140625 0.419921875 0.04 0.04
0 0.439453125 0.4140625 0.04 0.04
0 0.921875 0.404296875 0.04 0.04
0 0.169921875 0.34375 0.04 0.04
0 0.802734375 0.33203125 0.04 0.04
0 0.29296875 0.283203125 0.04 0.04
0 0.615234375 0.2265625 0.04 0.04
0 0.24609375 0.212890625 0.04 0.04
0 0.3984375 0.197265625 0.04 0.04
0 0.78125 0.109375 0.04 0.04
0 0.671875 0.064453125 0.04 0.04
0 0.904296875 0.05078125 0.04 0.04
0 0.21484375 0.037109375 0.04 0.04
0 0.58984375 0.0 0.04 0.04
