0 0.103515625 0.890625 0.04 0.04
0 0.9453125 0.884765625 0.04 0.04
0 0.998046875 0.8671875 0.04 0.04
0 0.44140625 0.828125 0.04 0.04
0 0.98046875 0.802734375 0.04 0.04
0 0.8828125 0.734375 0.04 0.04
0 0.390625 0.638671875 0.04 0.04
0 0.228515625 0.62109375 0.04 0.04
0 0.365234375 0.5859375 0.04 0.04
0 0.212890625 0.578125 0.04 0.04
0 0.236328125 0.51171875 0.04 0.04
0 0.326171875 0.462890625 0.04 0.04
0 0.365234375 0.4296875 0.04 0.04
0 0.693359375 0.42578125 0.04 0.04
0 0.6640625 0.4140625 0.04 0.04
0 0.29296875 0.400390625 0.04 0.04
0 0.462890625 0.3984375 0.04 0.04
0 0.17578125 0.3828125 0.04 0.04
0 0.3671875 0.3671875 0.04 0.04
0 0.80859375 0.35546875 0.04 0.04
0 0.662109375 0.35546875 0.04 0.04
0 0.275390625 0.328125 0.04 0.04
0 0.11328125 0.328125 0.04 0.04
0 0.443359375 0.32421875 0.04 0.04
0 0.869140625 0.26953125 0.04 0.04
0 0.421875 0.228515625 0.04 0.04
0 0.6953125 0.22265625 0.04 0.04
0 0.103515625 0.22265625 0.04 0.04
0 0.458984375 0.208984375 0.04 0.04
0 0.107421875 0.158203125 0.04 0.04
0 0.13671875 0.138671875 0.04 0.04
0 0.068359375 0.126953125 0.04 0.04
0 0.68359375 0.05859375 0.04 0.04
0 0.400390625 0.048828125 0.04 0.04
