0 0.9609375 0.998046875 0.04 0.04
0 0.84375 0.998046875 0.04 0.04
0 0.12109375 0.998046875 0.04 0.04
0 0.494140625 0.986328125 0.04 0.04
0 0.462890625 0.962890625 0.04 0.04
0 0.93359375 0.953125 0.04 0.04
0 0.220703125 0.953125 0.04 0.04
0 0.126953125 0.923828125 0.04 0.04
0 0.283203125 0.919921875 0.04 0.04
0 0.5 0.916015625 0.04 0.04
0 0.591796875 0.90625 0.04 0.04
0 0.103515625 0.88671875 0.04 0.04
0 0.478515625 0.884765625 0.04 0.04
0 0.1875 0.8828125 0.04 0.04
0 0.123046875 0.875 0.04 0.04
0 0.375 0.8359375 0.04 0.04
0 0.201171875 0.8359375 0.04 0.04
0 0.103515625 0.8203125 0.04 0.04
0 0.63671875 0.80859375 0.04 0.04
0 0.1875 0.787109375 0.04 0.04
0 0.615234375 0.7578125 0.04 0.04
0 0.822265625 0.755859375 0.04 0.04
0 0.259765625 0.75 0.04 0.04
0 0.017578125 0.74609375 0.04 0.04
0 0.748046875 0.73828125 0.04 0.04
0 0.640625 0.732421875 0.04 0.04
0 0.052734375 0.732421875 0.04 0.04
0 0.25390625 0.71875 0.04 0.04
0 0.525390625 0.712890625 0.04 0.04
0 0.66015625 0.7109375 0.04 0.04
0 0.853515625 0.6875 0.04 0.04
0 0.74609375 0.6875 0.04 0.04
0 0.591796875 0.6796875 0.04 0.04
0 0.634765625 0.671875 0.04 0.04
0 0.208984375 0.671875 0.04 0.04
0 0.01953125 0.6640625 0.04 0.04
0 0.19921875 0.65625 0.04 0.04
0 0.529296875 0.650390625 0.04 0.04
0 0.634765625 0.6484375 0.04 0.04
0 0.810546875 0.642578125 0.04 0.04
0 0.703125 0.63671875 0.04 0.04
0 0.015625 0.619140625 0.04 0.04
0 0.39453125 0.615234375 0.04 0.04
0 0.455078125 0.61328125 0.04 0.04
0 0.560546875 0.607421875 0.04 0.04
0 0.08984375 0.599609375 0.04 0.04
0 0.2890625 0.56640625 0.04 0.04
0 0.0078125 0.55859375 0.04 0.04
0 0.212890625 0.541015625 0.04 0.04
0 0.1640625 0.537109375 0.04 0.04
0 0.5625 0.50390625 0.04 0.04
0 0.357421875 0.501953125 0.04 0.04
0 0.65625 0.498046875 0.04 0.04
0 0.22265625 0.484375 0.04 0.04
0 0.580078125 0.47265625 0.04 0.04
0 0.6640625 0.466796875 0.04 0.04
0 0.162109375 0.36328125 0.04 0.04
0 0.005859375 0.35546875 0.04 0.04
0 0.314453125 0.31640625 0.04 0.04
0 0.123046875 0.314453125 0.04 0.04
0 0.029296875 0.27734375 0.04 0.04
0 0.013671875 0.240234375 0.04 0.04
0 0.291015625 0.216796875 0.04 0.04
0 0.2578125 0.0625 0.04 0.04
0 0.107421875 0.0625 0.04 0.04
0 0.201171875 0.0546875 0.04 0.04
0 0.107421875 0.021484375 0.04 0.04
