0 0.677734375 0.998046875 0.04 0.04
0 0.47265625 0.978515625 0.04 0.04
0 0.41015625 0.955078125 0.04 0.04
0 0.974609375 0.947265625 0.04 0.04
0 0.6328125 0.943359375 0.04 0.04
0 0.76171875 0.94140625 0.04 0.04
0 0.482421875 0.931640625 0.04 0.04
0 0.9765625 0.916015625 0.04 0.04
0 0.52734375 0.8984375 0.04 0.04
0 0.142578125 0.896484375 0.04 0.04
0 0.720703125 0.892578125 0.04 0.04
0 0.212890625 0.88671875 0.04 0.04
0 0.291015625 0.8671875 0.04 0.04
0 0.681640625 0.865234375 0.04 0.04
0 0.681640625 0.8515625 0.04 0.04
0 0.359375 0.8515625 0.04 0.04
0 0.328125 0.8515625 0.04 0.04
0 0.6015625 0.845703125 0.04 0.04
0 0.509765625 0.8046875 0.04 0.04
0 0.1796875 0.802734375 0.04 0.04
0 0.05078125 0.802734375 0.04 0.04
0 0.73046875 0.791015625 0.04 0.04
0 0.853515625 0.7890625 0.04 0.04
0 0.6484375 0.76171875 0.04 0.04
0 0.544921875 0.7421875 0.04 0.04
0 0.21875 0.736328125 0.04 0.04
0 0.35546875 0.72265625 0.04 0.04
0 0.640625 0.71875 0.04 0.04
0 0.45703125 0.71875 0.04 0.04
0 0.185546875 0.712890625 0.04 0.04
0 0.419921875 0.703125 0.04 0.04
0 0.88671875 0.697265625 0.04 0.04
0 0.216796875 0.689453125 0.04 0.04
0 0.634765625 0.677734375 0.04 0.04
0 0.447265625 0.662109375 0.04 0.04
0 0.998046875 0.66015625 0.04 0.04
0 0.80078125 0.66015625 0.04 0.04
0 0.154296875 0.6484375 0.04 0.04
0 0.21875 0.642578125 0.04 0.04
0 0.955078125 0.630859375 0.04 0.04
0 0.79296875 0.625 0.04 0.04
0 0.912109375 0.623046875 0.04 0.04
0 0.244140625 0.61328125 0.04 0.04
0 0.134765625 0.57421875 0.04 0.04
0 0.30078125 0.564453125 0.04 0.04
0 0.3125 0.5625 0.04 0.04
0 0.162109375 0.5546875 0.04 0.04
0 0.490234375 0.544921875 0.04 0.04
0 0.0859375 0.5390625 0.04 0.04
0 0.447265625 0.533203125 0.04 0.04
0 0.818359375 0.52734375 0.04 0.04
0 0.294921875 0.51171875 0.04 0.04
0 0.236328125 0.470703125 0.04 0.04
0 0.203125 0.4140625 0.04 0.04
0 0.095703125 0.3828125 0.04 0.04
0 0.091796875 0.3359375 0.04 0.04
0 0.345703125 0.302734375 0.04 0.04
0 0.310546875 0.28515625 0.04 0.04
0 0.1015625 0.26953125 0.04 0.04
0 0.1328125 0.26171875 0.04 0.04
0 0.216796875 0.22265625 0.04 0.04
0 0.158203125 0.189453125 0.04 0.04
0 0.298828125 0.037109375 0.04 0.04
