0 0.349609375 0.25390625 0.04 0.04
0 0.376953125 0.16015625 0.04 0.04
0 0.841796875 0.15625 0.04 0.04
0 0.158203125 0.134765625 0.04 0.04
0 0.669921875 0.12109375 0.04 0.04
0 0.927734375 0.109375 0.04 0.04
0 0.138671875 0.109375 0.04 0.04
0 0.54296875 0.0859375 0.04 0.04
0 0.908203125 0.083984375 0.04 0.04
0 0.32421875 0.068359375 0.04 0.04
0 0.939453125 0.0625 0.04 0.04
0 0.056640625 0.0625 0.04 0.04
0 0.7109375 0.052734375 0.04 0.04
0 0.193359375 0.052734375 0.04 0.04
0 0.0078125 0.05078125 0.04 0.04
0 0.62109375 0.048828125 0.04 0.04
0 0.2578125 0.044921875 0.04 0.04
0 0.05078125 0.021484375 0.04 0.04
0 0.94140625 0.01953125 0.04 0.04
0 0.98046875 0.0 0.04 0.04
0 0.830078125 0.0 0.04 0.04
