0 0.98046875 0.998046875 0.04 0.04
0 0.830078125 0.998046875 0.04 0.04
0 0.10546875 0.97265625 0.04 0.04
0 0.84765625 0.96875 0.04 0.04
0 0.0 0.96875 0.04 0.04
0 0.9453125 0.9609375 0.04 0.04
0 0.1015625 0.947265625 0.04 0.04
0 0.970703125 0.94140625 0.04 0.04
0 0.0 0.94140625 0.04 0.04
0 0.91015625 0.921875 0.04 0.04
0 0.78125 0.921875 0.04 0.04
0 0.998046875 0.912109375 0.04 0.04
0 0.041015625 0.912109375 0.04 0.04
0 0.638671875 0.90625 0.04 0.04
0 0.220703125 0.88671875 0.04 0.04
0 0.482421875 0.87109375 0.04 0.04
0 0.302734375 0.87109375 0.04 0.04
0 0.767578125 0.8671875 0.04 0.04
0 0.8671875 0.861328125 0.04 0.04
0 0.966796875 0.85546875 0.04 0.04
0 0.998046875 0.8515625 0.04 0.04
0 0.009765625 0.841796875 0.04 0.04
0 0.041015625 0.83203125 0.04 0.04
0 0.802734375 0.826171875 0.04 0.04
0 0.578125 0.798828125 0.04 0.04
0 0.755859375 0.796875 0.04 0.04
0 0.39453125 0.791015625 0.04 0.04
0 0.71484375 0.783203125 0.04 0.04
0 0.443359375 0.779296875 0.04 0.04
0 0.94140625 0.77734375 0.04 0.04
0 0.611328125 0.765625 0.04 0.04
0 0.55859375 0.763671875 0.04 0.04
0 0.765625 0.75390625 0.04 0.04
0 0.359375 0.75390625 0.04 0.04
0 0.015625 0.73828125 0.04 0.04
0 0.9375 0.732421875 0.04 0.04
0 0.509765625 0.73046875 0.04 0.04
0 0.298828125 0.72265625 0.04 0.04
0 0.703125 0.70703125 0.04 0.04
0 0.51953125 0.701171875 0.04 0.04
0 0.36328125 0.697265625 0.04 0.04
0 0.458984375 0.69140625 0.04 0.04
0 0.431640625 0.689453125 0.04 0.04
0 0.287109375 0.685546875 0.04 0.04
0 0.62109375 0.6796875 0.04 0.04
0 0.599609375 0.677734375 0.04 0.04
0 0.662109375 0.6640625 0.04 0.04
0 0.201171875 0.650390625 0.04 0.04
0 0.115234375 0.6484375 0.04 0.04
0 0.5703125 0.63671875 0.04 0.04
0 0.474609375 0.62109375 0.04 0.04
0 0.435546875 0.611328125 0.04 0.04
0 0.26953125 0.611328125 0.04 0.04
0 0.388671875 0.60546875 0.04 0.04
0 0.232421875 0.5859375 0.04 0.04
0 0.3125 0.580078125 0.04 0.04
0 0.244140625 0.560546875 0.04 0.04
0 0.908203125 0.5234375 0.04 0.04
0 0.9453125 0.443359375 0.04 0.04
0 0.875 0.435546875 0.04 0.04
0 0.47265625 0.435546875 0.04 0.04
0 0.8359375 0.42578125 0.04 0.04
0 0.998046875 0.423828125 0.04 0.04
0 0.951171875 0.396484375 0.04 0.04
0 0.48046875 0.3671875 0.04 0.04
0 0.646484375 0.365234375 0.04 0.04
0 0.875 0.36328125 0.04 0.04
0 0.412109375 0.32421875 0.04 0.04
0 0.0234375 0.30078125 0.04 0.04
0 0.23046875 0.294921875 0.04 0.04
0 0.205078125 0.28515625 0.04 0.04
0 0.404296875 0.271484375 0.04 0.04
0 0.173828125 0.265625 0.04 0.04
0 0.44140625 0.25390625 0.04 0.04
0 0.677734375 0.2421875 0.04 0.04
0 0.099609375 0.2421875 0.04 0.04
0 0.560546875 0.240234375 0.04 0.04
0 0.36328125 0.2265625 0.04 0.04
0 0.45703125 0.224609375 0.04 0.04
0 0.5234375 0.208984375 0.04 0.04
0 0.314453125 0.166015625 0.04 0.04
0 0.142578125 0.162109375 0.04 0.04
0 0.373046875 0.095703125 0.04 0.04
0 0.451171875 0.06640625 0.04 0.04
0 0.51953125 0.060546875 0.04 0.04
0 0.875 0.05078125 0.04 0.04
0 0.158203125 0.037109375 0.04 0.04
0 0.376953125 0.015625 0.04 0.04
0 0.041015625 0.015625 0.04 0.04
0 0.814453125 0.0 0.04 0.04
