0 0.26953125 0.939453125 0.04 0.04
0 0.064453125 0.921875 0.04 0.04
0 0.21875 0.869140625 0.04 0.04
0 0.2109375 0.787109375 0.04 0.04
0 0.3046875 0.734375 0.04 0.04
0 0.119140625 0.63671875 0.04 0.04
0 0.185546875 0.634765625 0.04 0.04
0 0.4375 0.580078125 0.04 0.04
0 0.103515625 0.560546875 0.04 0.04
0 0.1953125 0.4453125 0.04 0.04
0 0.3515625 0.443359375 0.04 0.04
0 0.251953125 0.3359375 0.04 0.04
0 0.07421875 0.265625 0.04 0.04
0 0.193359375 0.236328125 0.04 0.04
0 0.33984375 0.1015625 0.04 0.04
0 0.49609375 0.0390625 0.04 0.04
