0 0.453125 0.90625 0.04 0.04
0 0.66796875 0.890625 0.04 0.04
0 0.650390625 0.669921875 0.04 0.04
0 0.6328125 0.6640625 0.04 0.04
0 0.6875 0.64453125 0.04 0.04
0 0.498046875 0.638671875 0.04 0.04
0 0.46484375 0.5859375 0.04 0.04
0 0.388671875 0.548828125 0.04 0.04
0 0.59765625 0.505859375 0.04 0.04
0 0.296875 0.50390625 0.04 0.04
0 0.27734375 0.50390625 0.04 0.04
0 0.599609375 0.490234375 0.04 0.04
0 0.5703125 0.48046875 0.04 0.04
0 0.595703125 0.451171875 0.04 0.04
0 0.576171875 0.380859375 0.04 0.04
0 0.2578125 0.3203125 0.04 0.04
0 0.111328125 0.318359375 0.04 0.04
0 0.205078125 0.314453125 0.04 0.04
0 0.12109375 0.3125 0.04 0.04
0 0.08984375 0.3125 0.04 0.04
0 0.150390625 0.30859375 0.04 0.04
0 0.251953125 0.306640625 0.04 0.04
0 0.515625 0.29296875 0.04 0.04
0 0.107421875 0.29296875 0.04 0.04
0 0.064453125 0.2734375 0.04 0.04
0 0.041015625 0.267578125 0.04 0.04
0 0.51953125 0.25390625 0.04 0.04
0 0.0625 0.251953125 0.04 0.04
0 0.017578125 0.23828125 0.04 0.04
0 0.076171875 0.236328125 0.04 0.04
0 0.046875 0.23046875 0.04 0.04
0 0.02734375 0.21875 0.04 0.04
0 0.044921875 0.19921875 0.04 0.04
0 0.125 0.189453125 0.04 0.04
0 0.146484375 0.1875 0.04 0.04
0 0.08203125 0.181640625 0.04 0.04
0 0.048828125 0.177734375 0.04 0.04
0 0.494140625 0.171875 0.04 0.04
0 0.126953125 0.169921875 0.04 0.04
0 0.529296875 0.16796875 0.04 0.04
0 0.5546875 0.16015625 0.04 0.04
0 0.478515625 0.15625 0.04 0.04
0 0.515625 0.14453125 0.04 0.04
0 0.103515625 0.13671875 0.04 0.04
0 0.130859375 0.130859375 0.04 0.04
0 0.16015625 0.12890625 0.04 0.04
0 0.091796875 0.12890625 0.04 0.04
0 0.5390625 0.126953125 0.04 0.04
0 0.5234375 0.1171875 0.04 0.04
0 0.099609375 0.115234375 0.04 0.04
0 0.150390625 0.109375 0.04 0.04
0 0.119140625 0.107421875 0.04 0.04
0 0.1640625 0.08984375 0.04 0.04
0 0.046875 0.07421875 0.04 0.04
0 0.193359375 0.072265625 0.04 0.04
