0 0.130859375 0.97265625 0.04 0.04
0 0.099609375 0.958984375 0.04 0.04
0 0.14453125 0.953125 0.04 0.04
0 0.0703125 0.943359375 0.04 0.04
0 0.103515625 0.94140625 0.04 0.04
0 0.130859375 0.93359375 0.04 0.04
0 0.07421875 0.93359375 0.04 0.04
0 0.123046875 0.908203125 0.04 0.04
0 0.140625 0.884765625 0.04 0.04
0 0.09765625 0.876953125 0.04 0.04
0 0.158203125 0.87109375 0.04 0.04
0 0.064453125 0.84375 0.04 0.04
0 0.029296875 0.78515625 0.04 0.04
0 0.013671875 0.76953125 0.04 0.04
0 0.111328125 0.640625 0.04 0.04
0 0.08984375 0.640625 0.04 0.04
0 0.015625 0.591796875 0.04 0.04
0 0.130859375 0.580078125 0.04 0.04
0 0.03125 0.578125 0.04 0.04
0 0.095703125 0.5625 0.04 0.04
0 0.38671875 0.24609375 0.04 0.04
0 0.39453125 0.234375 0.04 0.04
0 0.28125 0.21875 0.04 0.04
0 0.42578125 0.2109375 0.04 0.04
0 0.24609375 0.208984375 0.04 0.04
