0 0.46484375 0.9296875 0.04 0.04
0 0.744140625 0.9140625 0.04 0.04
0 0.81640625 0.896484375 0.04 0.04
0 0.384765625 0.875 0.04 0.04
0 0.701171875 0.83984375 0.04 0.04
0 0.546875 0.79296875 0.04 0.04
0 0.9296875 0.765625 0.04 0.04
0 0.734375 0.765625 0.04 0.04
0 0.80859375 0.68359375 0.04 0.04
0 0.73828125 0.677734375 0.04 0.04
0 0.087890625 0.623046875 0.04 0.04
0 0.35546875 0.60546875 0.04 0.04
0 0.44921875 0.546875 0.04 0.04
0 0.580078125 0.4921875 0.04 0.04
0 0.36328125 0.453125 0.04 0.04
0 0.64453125 0.4453125 0.04 0.04
0 0.8046875 0.421875 0.04 0.04
0 0.681640625 0.384765625 0.04 0.04
0 0.75390625 0.37109375 0.04 0.04
0 0.353515625 0.37109375 0.04 0.04
0 0.681640625 0.34765625 0.04 0.04
0 0.166015625 0.33203125 0.04 0.04
0 0.0 0.208984375 0.04 0.04
0 0.150390625 0.109375 0.04 0.04
0 0.041015625 0.078125 0.04 0.04
0 0.158203125 0.046875 0.04 0.04
0 0.306640625 0.025390625 0.04 0.04
0 0.376953125 0.013671875 0.04 0.04
0 0.248046875 0.01171875 0.04 0.04
0 0.0 0.0 0.04 0.04
