0 0.95703125 0.919921875 0.04 0.04
0 0.873046875 0.86328125 0.04 0.04
0 0.83984375 0.837890625 0.04 0.04
0 0.869140625 0.814453125 0.04 0.04
0 0.908203125 0.810546875 0.04 0.04
0 0.955078125 0.7890625 0.04 0.04
0 0.94921875 0.771484375 0.04 0.04
0 0.8828125 0.771484375 0.04 0.04
0 0.83984375 0.767578125 0.04 0.04
0 0.66015625 0.744140625 0.04 0.04
0 0.806640625 0.73828125 0.04 0.04
0 0.9375 0.724609375 0.04 0.04
0 0.79296875 0.724609375 0.04 0.04
0 0.85546875 0.705078125 0.04 0.04
0 0.822265625 0.701171875 0.04 0.04
0 0.98828125 0.67578125 0.04 0.04
0 0.638671875 0.662109375 0.04 0.04
0 0.912109375 0.64453125 0.04 0.04
0 0.98828125 0.63671875 0.04 0.04
0 0.796875 0.609375 0.04 0.04
0 0.78515625 0.583984375 0.04 0.04
0 0.765625 0.5703125 0.04 0.04
0 0.763671875 0.552734375 0.04 0.04
0 0.68359375 0.548828125 0.04 0.04
0 0.78515625 0.544921875 0.04 0.04
0 0.904296875 0.541015625 0.04 0.04
0 0.806640625 0.533203125 0.04 0.04
0 0.77734375 0.5234375 0.04 0.04
0 0.880859375 0.51171875 0.04 0.04
0 0.708984375 0.490234375 0.04 0.04
0 0.302734375 0.181640625 0.04 0.04
0 0.279296875 0.16796875 0.04 0.04
0 0.212890625 0.1640625 0.04 0.04
0 0.353515625 0.0 0.04 0.04
0 0.333984375 0.0 0.04 0.04
0 0.31640625 0.0 0.04 0.04
