0 0.07421875 0.9453125 0.04 0.04
0 0.20703125 0.904296875 0.04 0.04
0 0.171875 0.671875 0.04 0.04
0 0.1328125 0.63671875 0.04 0.04
0 0.146484375 0.62890625 0.04 0.04
0 0.197265625 0.619140625 0.04 0.04
0 0.826171875 0.546875 0.04 0.04
0 0.875 0.544921875 0.04 0.04
0 0.66015625 0.521484375 0.04 0.04
0 0.6953125 0.517578125 0.04 0.04
0 0.833984375 0.509765625 0.04 0.04
0 0.33203125 0.509765625 0.04 0.04
0 0.310546875 0.494140625 0.04 0.04
0 0.291015625 0.48828125 0.04 0.04
0 0.7578125 0.478515625 0.04 0.04
0 0.3984375 0.4765625 0.04 0.04
0 0.7421875 0.474609375 0.04 0.04
0 0.404296875 0.447265625 0.04 0.04
0 0.345703125 0.396484375 0.04 0.04
0 0.369140625 0.390625 0.04 0.04
0 0.326171875 0.359375 0.04 0.04
0 0.15234375 0.359375 0.04 0.04
0 0.0 0.34375 0.04 0.04
0 0.0 0.3203125 0.04 0.04
0 0.029296875 0.30078125 0.04 0.04
0 0.056640625 0.28125 0.04 0.04
0 0.05859375 0.265625 0.04 0.04
0 0.083984375 0.193359375 0.04 0.04
0 0.208984375 0.19140625 0.04 0.04
0 0.16796875 0.177734375 0.04 0.04
0 0.283203125 0.171875 0.04 0.04
0 0.013671875 0.169921875 0.04 0.04
0 0.060546875 0.166015625 0.04 0.04
0 0.482421875 0.0703125 0.04 0.04
0 0.59765625 0.015625 0.04 0.04
