0 0.353515625 0.998046875 0.04 0.04
0 0.337890625 0.998046875 0.04 0.04
0 0.31640625 0.994140625 0.04 0.04
0 0.345703125 0.97265625 0.04 0.04
0 0.060546875 0.935546875 0.04 0.04
0 0.51171875 0.826171875 0.04 0.04
0 0.51171875 0.77734375 0.04 0.04
0 0.708984375 0.72265625 0.04 0.04
0 0.818359375 0.7109375 0.04 0.04
0 0.72265625 0.69140625 0.04 0.04
0 0.666015625 0.666015625 0.04 0.04
0 0.78515625 0.6640625 0.04 0.04
0 0.87890625 0.63671875 0.04 0.04
0 0.654296875 0.619140625 0.04 0.04
0 0.873046875 0.61328125 0.04 0.04
0 0.6796875 0.5859375 0.04 0.04
0 0.646484375 0.578125 0.04 0.04
0 0.943359375 0.57421875 0.04 0.04
0 0.96484375 0.556640625 0.04 0.04
0 0.859375 0.54296875 0.04 0.04
0 0.93359375 0.40234375 0.04 0.04
0 0.873046875 0.37109375 0.04 0.04
0 0.998046875 0.34375 0.04 0.04
0 0.9921875 0.318359375 0.04 0.04
0 0.96484375 0.31640625 0.04 0.04
0 0.86328125 0.265625 0.04 0.04
0 0.767578125 0.259765625 0.04 0.04
0 0.85546875 0.232421875 0.04 0.04
0 0.876953125 0.228515625 0.04 0.04
0 0.837890625 0.21875 0.04 0.04
0 0.88671875 0.2109375 0.04 0.04
0 0.822265625 0.20703125 0.04 0.04
