0 0.576171875 0.892578125 0.04 0.04
0 0.5546875 0.88671875 0.04 0.04
0 0.75 0.8828125 0.04 0.04
0 0.59765625 0.869140625 0.04 0.04
0 0.80078125 0.833984375 0.04 0.04
0 0.5546875 0.82421875 0.04 0.04
0 0.86328125 0.81640625 0.04 0.04
0 0.86328125 0.748046875 0.04 0.04
0 0.744140625 0.73046875 0.04 0.04
0 0.822265625 0.70703125 0.04 0.04
0 0.7890625 0.701171875 0.04 0.04
0 0.60546875 0.6796875 0.04 0.04
0 0.5546875 0.67578125 0.04 0.04
0 0.94140625 0.671875 0.04 0.04
0 0.57421875 0.654296875 0.04 0.04
0 0.6875 0.533203125 0.04 0.04
0 0.9453125 0.498046875 0.04 0.04
0 0.701171875 0.48046875 0.04 0.04
0 0.69921875 0.4453125 0.04 0.04
0 0.775390625 0.439453125 0.04 0.04
0 0.859375 0.36328125 0.04 0.04
0 0.953125 0.318359375 0.04 0.04
0 0.7421875 0.234375 0.04 0.04
