0 0.70703125 0.5546875 0.04 0.04
0 0.421875 0.41015625 0.04 0.04
0 0.380859375 0.23828125 0.04 0.04
0 0.9609375 0.189453125 0.04 0.04
0 0.255859375 0.177734375 0.04 0.04
0 0.736328125 0.17578125 0.04 0.04
0 0.826171875 0.16015625 0.04 0.04
0 0.53125 0.150390625 0.04 0.04
0 0.880859375 0.1484375 0.04 0.04
0 0.447265625 0.12890625 0.04 0.04
0 0.982421875 0.123046875 0.04 0.04
0 0.521484375 0.10546875 0.04 0.04
0 0.65625 0.0859375 0.04 0.04
0 0.701171875 0.078125 0.04 0.04
0 0.0 0.076171875 0.04 0.04
0 0.921875 0.013671875 0.04 0.04
0 0.625 0.0 0.04 0.04
