0 0.970703125 0.97265625 0.04 0.04
0 0.71484375 0.966796875 0.04 0.04
0 0.998046875 0.962890625 0.04 0.04
0 0.119140625 0.9375 0.04 0.04
0 0.91015625 0.9296875 0.04 0.04
0 0.501953125 0.884765625 0.04 0.04
0 0.38671875 0.875 0.04 0.04
0 0.794921875 0.8515625 0.04 0.04
0 0.8359375 0.84765625 0.04 0.04
0 0.66015625 0.828125 0.04 0.04
0 0.3046875 0.826171875 0.04 0.04
0 0.41015625 0.685546875 0.04 0.04
0 0.7578125 0.671875 0.04 0.04
0 0.25390625 0.669921875 0.04 0.04
0 0.43359375 0.630859375 0.04 0.04
0 0.744140625 0.626953125 0.04 0.04
0 0.138671875 0.6015625 0.04 0.04
0 0.390625 0.580078125 0.04 0.04
0 0.2109375 0.548828125 0.04 0.04
0 0.337890625 0.490234375 0.04 0.04
0 0.71875 0.4765625 0.04 0.04
0 0.51171875 0.353515625 0.04 0.04
0 0.537109375 0.3125 0.04 0.04
0 0.099609375 0.224609375 0.04 0.04
0 0.646484375 0.091796875 0.04 0.04
