0 0.625 0.99609375 0.04 0.04
0 0.060546875 0.990234375 0.04 0.04
0 0.109375 0.947265625 0.04 0.04
0 0.150390625 0.923828125 0.04 0.04
0 0.060546875 0.87109375 0.04 0.04
0 0.142578125 0.80859375 0.04 0.04
0 0.81640625 0.75 0.04 0.04
0 0.0234375 0.716796875 0.04 0.04
0 0.146484375 0.7109375 0.04 0.04
0 0.17578125 0.666015625 0.04 0.04
0 0.93359375 0.58984375 0.04 0.04
0 0.916015625 0.546875 0.04 0.04
0 0.13671875 0.53125 0.04 0.04
0 0.197265625 0.44921875 0.04 0.04
0 0.013671875 0.4453125 0.04 0.04
0 0.26171875 0.42578125 0.04 0.04
0 0.029296875 0.38671875 0.04 0.04
0 0.244140625 0.375 0.04 0.04
0 0.1640625 0.37109375 0.04 0.04
0 0.279296875 0.345703125 0.04 0.04
0 0.349609375 0.34375 0.04 0.04
0 0.205078125 0.328125 0.04 0.04
0 0.373046875 0.2890625 0.04 0.04
0 0.1484375 0.283203125 0.04 0.04
0 0.3125 0.248046875 0.04 0.04
0 0.359375 0.2265625 0.04 0.04
0 0.271484375 0.1328125 0.04 0.04
0 0.623046875 0.0390625 0.04 0.04
