0 0.0703125 0.572265625 0.04 0.04
0 0.671875 0.494140625 0.04 0.04
0 0.5703125 0.490234375 0.04 0.04
0 0.35546875 0.4765625 0.04 0.04
0 0.103515625 0.466796875 0.04 0.04
0 0.267578125 0.43359375 0.04 0.04
0 0.55078125 0.38671875 0.04 0.04
0 0.34765625 0.380859375 0.04 0.04
0 0.5 0.326171875 0.04 0.04
0 0.404296875 0.30078125 0.04 0.04
0 0.8359375 0.28515625 0.04 0.04
0 0.509765625 0.279296875 0.04 0.04
0 0.58203125 0.2734375 0.04 0.04
0 0.201171875 0.2421875 0.04 0.04
0 0.310546875 0.2265625 0.04 0.04
0 0.28125 0.125 0.04 0.04
