0 0.234375 0.998046875 0.04 0.04
0 0.1640625 0.998046875 0.04 0.04
0 0.16015625 0.955078125 0.04 0.04
0 0.400390625 0.953125 0.04 0.04
0 0.107421875 0.92578125 0.04 0.04
0 0.275390625 0.912109375 0.04 0.04
0 0.244140625 0.8984375 0.04 0.04
0 0.40234375 0.888671875 0.04 0.04
0 0.232421875 0.875 0.04 0.04
0 0.40234375 0.849609375 0.04 0.04
0 0.494140625 0.845703125 0.04 0.04
0 0.466796875 0.837890625 0.04 0.04
0 0.47265625 0.8046875 0.04 0.04
0 0.6640625 0.80078125 0.04 0.04
0 0.380859375 0.791015625 0.04 0.04
0 0.521484375 0.787109375 0.04 0.04
0 0.2421875 0.787109375 0.04 0.04
0 0.587890625 0.78515625 0.04 0.04
0 0.55859375 0.76171875 0.04 0.04
0 0.52734375 0.748046875 0.04 0.04
0 0.55078125 0.7265625 0.04 0.04
0 0.0 0.37109375 0.04 0.04
0 0.677734375 0.36328125 0.04 0.04
0 0.947265625 0.3046875 0.04 0.04
0 0.95703125 0.279296875 0.04 0.04
0 0.15234375 0.25 0.04 0.04
0 0.857421875 0.232421875 0.04 0.04
0 0.9375 0.21484375 0.04 0.04
0 0.236328125 0.15625 0.04 0.04
0 0.298828125 0.14453125 0.04 0.04
0 0.0 0.103515625 0.04 0.04
0 0.29296875 0.0859375 0.04 0.04
