0 0.63671875 0.9765625 0.04 0.04
0 0.794921875 0.876953125 0.04 0.04
0 0.640625 0.828125 0.04 0.04
0 0.736328125 0.728515625 0.04 0.04
0 0.57421875 0.71484375 0.04 0.04
0 0.318359375 0.634765625 0.04 0.04
0 0.384765625 0.58984375 0.04 0.04
0 0.515625 0.56640625 0.04 0.04
0 0.37109375 0.494140625 0.04 0.04
0 0.171875 0.38671875 0.04 0.04
0 0.341796875 0.341796875 0.04 0.04
0 0.3984375 0.19921875 0.04 0.04
0 0.21875 0.16015625 0.04 0.04
0 0.310546875 0.14453125 0.04 0.04
0 0.66015625 0.08984375 0.04 0.04
