0 0.9921875 0.7890625 0.04 0.04
0 0.939453125 0.3671875 0.04 0.04
0 0.564453125 0.34375 0.04 0.04
0 0.845703125 0.3046875 0.04 0.04
0 0.59375 0.302734375 0.04 0.04
0 0.7421875 0.291015625 0.04 0.04
0 0.740234375 0.259765625 0.04 0.04
0 0.9453125 0.248046875 0.04 0.04
0 0.5546875 0.21875 0.04 0.04
0 0.8828125 0.2109375 0.04 0.04
0 0.310546875 0.20703125 0.04 0.04
0 0.287109375 0.197265625 0.04 0.04
0 0.625 0.15234375 0.04 0.04
0 0.998046875 0.142578125 0.04 0.04
0 0.427734375 0.111328125 0.04 0.04
0 0.169921875 0.083984375 0.04 0.04
0 0.77734375 0.072265625 0.04 0.04
0 0.330078125 0.0625 0.04 0.04
0 0.12109375 0.01171875 0.04 0.04
