0 0.548828125 0.98828125 0.04 0.04
0 0.376953125 0.984375 0.04 0.04
0 0.859375 0.982421875 0.04 0.04
0 0.474609375 0.9765625 0.04 0.04
0 0.58984375 0.9375 0.04 0.04
0 0.142578125 0.935546875 0.04 0.04
0 0.83984375 0.9140625 0.04 0.04
0 0.48046875 0.904296875 0.04 0.04
0 0.74609375 0.90234375 0.04 0.04
0 0.662109375 0.87109375 0.04 0.04
0 0.568359375 0.833984375 0.04 0.04
0 0.037109375 0.80859375 0.04 0.04
0 0.333984375 0.806640625 0.04 0.04
0 0.18359375 0.796875 0.04 0.04
0 0.505859375 0.78125 0.04 0.04
0 0.681640625 0.75390625 0.04 0.04
0 0.90234375 0.720703125 0.04 0.04
0 0.359375 0.708984375 0.04 0.04
0 0.568359375 0.693359375 0.04 0.04
0 0.224609375 0.681640625 0.04 0.04
0 0.1640625 0.634765625 0.04 0.04
0 0.822265625 0.6015625 0.04 0.04
0 0.068359375 0.599609375 0.04 0.04
0 0.91796875 0.580078125 0.04 0.04
0 0.5078125 0.53125 0.04 0.04
0 0.57421875 0.51953125 0.04 0.04
0 0.19140625 0.5078125 0.04 0.04
0 0.03515625 0.4921875 0.04 0.04
0 0.935546875 0.48828125 0.04 0.04
0 0.81640625 0.48828125 0.04 0.04
0 0.8515625 0.45703125 0.04 0.04
0 0.642578125 0.4140625 0.04 0.04
0 0.0546875 0.396484375 0.04 0.04
0 0.7265625 0.38671875 0.04 0.04
0 0.306640625 0.37890625 0.04 0.04
0 0.580078125 0.3359375 0.04 0.04
0 0.869140625 0.3125 0.04 0.04
0 0.296875 0.296875 0.04 0.04
0 0.119140625 0.29296875 0.04 0.04
0 0.21875 0.265625 0.04 0.04
0 0.736328125 0.263671875 0.04 0.04
0 0.0 0.259765625 0.04 0.04
0 0.5859375 0.232421875 0.04 0.04
0 0.568359375 0.205078125 0.04 0.04
0 0.03515625 0.19921875 0.04 0.04
0 0.880859375 0.15234375 0.04 0.04
0 0.39453125 0.15234375 0.04 0.04
0 0.162109375 0.150390625 0.04 0.04
0 0.5078125 0.125 0.04 0.04
0 0.2265625 0.111328125 0.04 0.04
0 0.482421875 0.064453125 0.04 0.04
