0 0.66015625 0.998046875 0.04 0.04
0 0.8203125 0.958984375 0.04 0.04
0 0.94921875 0.953125 0.04 0.04
0 0.462890625 0.921875 0.04 0.04
0 0.732421875 0.919921875 0.04 0.04
0 0.4296875 0.841796875 0.04 0.04
0 0.87890625 0.83984375 0.04 0.04
0 0.9453125 0.806640625 0.04 0.04
0 0.60546875 0.794921875 0.04 0.04
0 0.54296875 0.7421875 0.04 0.04
0 0.958984375 0.734375 0.04 0.04
0 0.646484375 0.693359375 0.04 0.04
0 0.951171875 0.66015625 0.04 0.04
0 0.76953125 0.658203125 0.04 0.04
0 0.056640625 0.640625 0.04 0.04
0 0.623046875 0.63671875 0.04 0.04
0 0.921875 0.6328125 0.04 0.04
0 0.732421875 0.625 0.04 0.04
0 0.8359375 0.623046875 0.04 0.04
0 0.169921875 0.609375 0.04 0.04
0 0.3359375 0.580078125 0.04 0.04
0 0.892578125 0.576171875 0.04 0.04
0 0.19921875 0.53515625 0.04 0.04
0 0.0546875 0.529296875 0.04 0.04
0 0.521484375 0.521484375 0.04 0.04
0 0.609375 0.486328125 0.04 0.04
0 0.13671875 0.48046875 0.04 0.04
0 0.494140625 0.47265625 0.04 0.04
0 0.998046875 0.462890625 0.04 0.04
0 0.943359375 0.44921875 0.04 0.04
0 0.998046875 0.44140625 0.04 0.04
0 0.41015625 0.435546875 0.04 0.04
0 0.794921875 0.404296875 0.04 0.04
0 0.216796875 0.404296875 0.04 0.04
0 0.732421875 0.365234375 0.04 0.04
0 0.52734375 0.35546875 0.04 0.04
0 0.193359375 0.35546875 0.04 0.04
0 0.103515625 0.32421875 0.04 0.04
0 0.20703125 0.318359375 0.04 0.04
0 0.373046875 0.279296875 0.04 0.04
0 0.021484375 0.25 0.04 0.04
0 0.583984375 0.2421875 0.04 0.04
0 0.9765625 0.23046875 0.04 0.04
0 0.408203125 0.20703125 0.04 0.04
0 0.17578125 0.189453125 0.04 0.04
0 0.99609375 0.181640625 0.04 0.04
0 0.123046875 0.158203125 0.04 0.04
0 0.765625 0.15625 0.04 0.04
0 0.6953125 0.142578125 0.04 0.04
0 0.375 0.13671875 0.04 0.04
0 0.609375 0.095703125 0.04 0.04
0 0.7890625 0.087890625 0.04 0.04
0 0.65234375 0.083984375 0.04 0.04
0 0.099609375 0.078125 0.04 0.04
0 0.474609375 0.0625 0.04 0.04
0 0.068359375 0.0625 0.04 0.04
0 0.8203125 0.05859375 0.04 0.04
0 0.1484375 0.041015625 0.04 0.04
0 0.359375 0.03125 0.04 0.04
