0 0.0859375 0.97265625 0.04 0.04
0 0.189453125 0.94140625 0.04 0.04
0 0.96875 0.9375 0.04 0.04
0 0.130859375 0.890625 0.04 0.04
0 0.6953125 0.783203125 0.04 0.04
0 0.25 0.75390625 0.04 0.04
0 0.505859375 0.751953125 0.04 0.04
0 0.158203125 0.740234375 0.04 0.04
0 0.087890625 0.720703125 0.04 0.04
0 0.443359375 0.71875 0.04 0.04
0 0.234375 0.71484375 0.04 0.04
0 0.767578125 0.66015625 0.04 0.04
0 0.8515625 0.638671875 0.04 0.04
0 0.15625 0.560546875 0.04 0.04
0 0.05078125 0.560546875 0.04 0.04
0 0.80078125 0.55078125 0.04 0.04
0 0.6953125 0.484375 0.04 0.04
0 0.419921875 0.173828125 0.04 0.04
0 0.44140625 0.1171875 0.04 0.04
0 0.607421875 0.03515625 0.04 0.04
