0 0.70703125 0.958984375 0.04 0.04
0 0.427734375 0.919921875 0.04 0.04
0 0.6328125 0.875 0.04 0.04
0 0.525390625 0.751953125 0.04 0.04
0 0.021484375 0.751953125 0.04 0.04
0 0.177734375 0.69921875 0.04 0.04
0 0.94921875 0.666015625 0.04 0.04
0 0.0546875 0.619140625 0.04 0.04
0 0.19921875 0.61328125 0.04 0.04
0 0.759765625 0.498046875 0.04 0.04
0 0.998046875 0.38671875 0.04 0.04
0 0.095703125 0.380859375 0.04 0.04
0 0.89453125 0.255859375 0.04 0.04
0 0.138671875 0.24609375 0.04 0.04
0 0.41796875 0.154296875 0.04 0.04
0 0.775390625 0.126953125 0.04 0.04
0 0.072265625 0.107421875 0.04 0.04
