0 0.072265625 0.859375 0.04 0.04
0 0.65625 0.8515625 0.04 0.04
0 0.876953125 0.744140625 0.04 0.04
0 0.197265625 0.73828125 0.04 0.04
0 0.0703125 0.71875 0.04 0.04
0 0.73828125 0.716796875 0.04 0.04
0 0.28515625 0.716796875 0.04 0.04
0 0.73828125 0.708984375 0.04 0.04
0 0.984375 0.64453125 0.04 0.04
0 0.466796875 0.53125 0.04 0.04
0 0.154296875 0.45703125 0.04 0.04
0 0.314453125 0.375 0.04 0.04
0 0.419921875 0.220703125 0.04 0.04
0 0.52734375 0.189453125 0.04 0.04
0 0.640625 0.125 0.04 0.04
0 0.302734375 0.064453125 0.04 0.04
0 0.244140625 0.03125 0.04 0.04
0 0.244140625 0.021484375 0.04 0.04
