0 0.251953125 0.9765625 0.04 0.04
0 0.04296875 0.833984375 0.04 0.04
0 0.19921875 0.79296875 0.04 0.04
0 0.8203125 0.734375 0.04 0.04
0 0.515625 0.734375 0.04 0.04
0 0.8203125 0.720703125 0.04 0.04
0 0.1171875 0.65234375 0.04 0.04
0 0.4921875 0.6484375 0.04 0.04
0 0.119140625 0.638671875 0.04 0.04
0 0.201171875 0.6328125 0.04 0.04
0 0.201171875 0.619140625 0.04 0.04
0 0.66015625 0.48828125 0.04 0.04
0 0.40625 0.44921875 0.04 0.04
0 0.115234375 0.37890625 0.04 0.04
0 0.115234375 0.37109375 0.04 0.04
0 0.298828125 0.35546875 0.04 0.04
0 0.298828125 0.341796875 0.04 0.04
0 0.150390625 0.337890625 0.04 0.04
0 0.35546875 0.224609375 0.04 0.04
0 0.326171875 0.177734375 0.04 0.04
0 0.060546875 0.166015625 0.04 0.04
0 0.189453125 0.130859375 0.04 0.04
