0 0.83984375 0.939453125 0.04 0.04
0 0.908203125 0.806640625 0.04 0.04
0 0.86328125 0.763671875 0.04 0.04
0 0.255859375 0.75 0.04 0.04
0 0.744140625 0.689453125 0.04 0.04
0 0.458984375 0.671875 0.04 0.04
0 0.142578125 0.591796875 0.04 0.04
0 0.03125 0.521484375 0.04 0.04
0 0.275390625 0.4453125 0.04 0.04
0 0.046875 0.439453125 0.04 0.04
0 0.333984375 0.35546875 0.04 0.04
0 0.103515625 0.3203125 0.04 0.04
0 0.150390625 0.314453125 0.04 0.04
0 0.078125 0.26171875 0.04 0.04
0 0.41796875 0.197265625 0.04 0.04
