0 0.46875 0.97265625 0.04 0.04
0 0.974609375 0.888671875 0.04 0.04
0 0.8515625 0.765625 0.04 0.04
0 0.17578125 0.62890625 0.04 0.04
0 0.263671875 0.5546875 0.04 0.04
0 0.619140625 0.412109375 0.04 0.04
0 0.4375 0.404296875 0.04 0.04
0 0.37109375 0.404296875 0.04 0.04
0 0.51953125 0.35546875 0.04 0.04
0 0.861328125 0.287109375 0.04 0.04
0 0.861328125 0.279296875 0.04 0.04
0 0.583984375 0.236328125 0.04 0.04
0 0.1328125 0.134765625 0.04 0.04
0 0.626953125 0.0859375 0.04 0.04
0 0.337890625 0.064453125 0.04 0.04
0 0.482421875 0.0 0.04 0.04
