0 0.197265625 0.9609375 0.04 0.04
0 0.814453125 0.8828125 0.04 0.04
0 0.689453125 0.818359375 0.04 0.04
0 0.85546875 0.78515625 0.04 0.04
0 0.580078125 0.78515625 0.04 0.04
0 0.740234375 0.71484375 0.04 0.04
0 0.95703125 0.69140625 0.04 0.04
0 0.46484375 0.6796875 0.04 0.04
0 0.76171875 0.603515625 0.04 0.04
0 0.6640625 0.5703125 0.04 0.04
0 0.41796875 0.548828125 0.04 0.04
0 0.576171875 0.52734375 0.04 0.04
0 0.333984375 0.521484375 0.04 0.04
0 0.34765625 0.44140625 0.04 0.04
0 0.064453125 0.4296875 0.04 0.04
0 0.345703125 0.3671875 0.04 0.04
0 0.25 0.306640625 0.04 0.04
0 0.8828125 0.23828125 0.04 0.04
0 0.37109375 0.201171875 0.04 0.04
0 0.16015625 0.029296875 0.04 0.04
