0 0.712890625 0.978515625 0.04 0.04
0 0.67578125 0.962890625 0.04 0.04
0 0.390625 0.9453125 0.04 0.04
0 0.900390625 0.939453125 0.04 0.04
0 0.837890625 0.880859375 0.04 0.04
0 0.994140625 0.806640625 0.04 0.04
0 0.87109375 0.7734375 0.04 0.04
0 0.74609375 0.728515625 0.04 0.04
0 0.91015625 0.7109375 0.04 0.04
0 0.076171875 0.572265625 0.04 0.04
0 0.408203125 0.5390625 0.04 0.04
0 0.24609375 0.537109375 0.04 0.04
0 0.05078125 0.5234375 0.04 0.04
0 0.533203125 0.521484375 0.04 0.04
0 0.970703125 0.37109375 0.04 0.04
0 0.94921875 0.353515625 0.04 0.04
0 0.693359375 0.345703125 0.04 0.04
0 0.142578125 0.228515625 0.04 0.04
0 0.646484375 0.224609375 0.04 0.04
0 0.19921875 0.142578125 0.04 0.04
0 0.017578125 0.048828125 0.04 0.04
0 0.32421875 0.029296875 0.04 0.04
