0 0.3046875 0.583984375 0.04 0.04
0 0.19921875 0.396484375 0.04 0.04
0 0.5078125 0.388671875 0.04 0.04
0 0.998046875 0.38671875 0.04 0.04
0 0.6953125 0.3515625 0.04 0.04
0 0.2421875 0.333984375 0.04 0.04
0 0.0546875 0.236328125 0.04 0.04
0 0.35546875 0.23046875 0.04 0.04
0 0.48046875 0.18359375 0.04 0.04
0 0.59375 0.181640625 0.04 0.04
0 0.25 0.177734375 0.04 0.04
0 0.994140625 0.171875 0.04 0.04
0 0.697265625 0.1484375 0.04 0.04
0 0.703125 0.111328125 0.04 0.04
0 0.580078125 0.083984375 0.04 0.04
0 0.51171875 0.08203125 0.04 0.04
0 0.984375 0.0546875 0.04 0.04
0 0.775390625 0.0390625 0.04 0.04
0 0.412109375 0.025390625 0.04 0.04
