0 0.375 0.80078125 0.04 0.04
0 0.630859375 0.705078125 0.04 0.04
0 0.49609375 0.544921875 0.04 0.04
0 0.9453125 0.46875 0.04 0.04
0 0.67578125 0.453125 0.04 0.04
0 0.8125 0.353515625 0.04 0.04
0 0.90234375 0.326171875 0.04 0.04
0 0.802734375 0.310546875 0.04 0.04
0 0.37109375 0.291015625 0.04 0.04
0 0.29296875 0.255859375 0.04 0.04
0 0.541015625 0.236328125 0.04 0.04
0 0.974609375 0.234375 0.04 0.04
0 0.71484375 0.1875 0.04 0.04
0 0.849609375 0.16796875 0.04 0.04
0 0.509765625 0.14453125 0.04 0.04
0 0.23828125 0.13671875 0.04 0.04
0 0.869140625 0.09765625 0.04 0.04
0 0.34375 0.09765625 0.04 0.04
0 0.748046875 0.083984375 0.04 0.04
0 0.216796875 0.06640625 0.04 0.04
0 0.5078125 0.044921875 0.04 0.04
0 0.802734375 0.03515625 0.04 0.04
0 0.421875 0.013671875 0.04 0.04
0 0.75 0.0 0.04 0.04
