0 0.466796875 0.939453125 0.04 0.04
0 0.798828125 0.857421875 0.04 0.04
0 0.7265625 0.84375 0.04 0.04
0 0.4296875 0.685546875 0.04 0.04
0 0.078125 0.671875 0.04 0.04
0 0.521484375 0.62890625 0.04 0.04
0 0.17578125 0.609375 0.04 0.04
0 0.099609375 0.607421875 0.04 0.04
0 0.0625 0.599609375 0.04 0.04
0 0.75390625 0.517578125 0.04 0.04
0 0.208984375 0.46875 0.04 0.04
0 0.095703125 0.423828125 0.04 0.04
0 0.1640625 0.3984375 0.04 0.04
0 0.30859375 0.314453125 0.04 0.04
0 0.4296875 0.291015625 0.04 0.04
0 0.9921875 0.251953125 0.04 0.04
0 0.27734375 0.13671875 0.04 0.04
