0 0.361328125 0.998046875 0.04 0.04
0 0.708984375 0.958984375 0.04 0.04
0 0.185546875 0.912109375 0.04 0.04
0 0.4140625 0.8984375 0.04 0.04
0 0.560546875 0.87109375 0.04 0.04
0 0.998046875 0.853515625 0.04 0.04
0 0.146484375 0.8515625 0.04 0.04
0 0.771484375 0.814453125 0.04 0.04
0 0.107421875 0.728515625 0.04 0.04
0 0.720703125 0.6796875 0.04 0.04
0 0.87890625 0.509765625 0.04 0.04
0 0.935546875 0.474609375 0.04 0.04
0 0.2421875 0.470703125 0.04 0.04
0 0.390625 0.453125 0.04 0.04
0 0.72265625 0.435546875 0.04 0.04
0 0.759765625 0.396484375 0.04 0.04
0 0.19921875 0.294921875 0.04 0.04
0 0.05078125 0.099609375 0.04 0.04
