0 0.884765625 0.984375 0.04 0.04
0 0.744140625 0.755859375 0.04 0.04
0 0.87109375 0.724609375 0.04 0.04
0 0.42578125 0.67578125 0.04 0.04
0 0.80859375 0.669921875 0.04 0.04
0 0.744140625 0.66796875 0.04 0.04
0 0.734375 0.640625 0.04 0.04
0 0.7421875 0.556640625 0.04 0.04
0 0.54296875 0.546875 0.04 0.04
0 0.626953125 0.490234375 0.04 0.04
0 0.41015625 0.482421875 0.04 0.04
0 0.7578125 0.462890625 0.04 0.04
0 0.998046875 0.44921875 0.04 0.04
0 0.3671875 0.44140625 0.04 0.04
0 0.56640625 0.4296875 0.04 0.04
0 0.333984375 0.36328125 0.04 0.04
0 0.615234375 0.3359375 0.04 0.04
0 0.94921875 0.31640625 0.04 0.04
0 0.8203125 0.29296875 0.04 0.04
0 0.49609375 0.28515625 0.04 0.04
0 0.6015625 0.28125 0.04 0.04
0 0.484375 0.263671875 0.04 0.04
0 0.998046875 0.25390625 0.04 0.04
0 0.46875 0.22265625 0.04 0.04
0 0.296875 0.216796875 0.04 0.04
0 0.6875 0.19140625 0.04 0.04
0 0.9375 0.1875 0.04 0.04
0 0.568359375 0.13671875 0.04 0.04
0 0.69140625 0.1328125 0.04 0.04
0 0.275390625 0.1015625 0.04 0.04
0 0.4921875 0.09765625 0.04 0.04
0 0.435546875 0.08984375 0.04 0.04
0 0.6328125 0.0703125 0.04 0.04
0 0.8046875 0.048828125 0.04 0.04
0 0.486328125 0.025390625 0.04 0.04
0 0.287109375 0.01171875 0.04 0.04
