0 0.923828125 0.642578125 0.04 0.04
0 0.94921875 0.41796875 0.04 0.04
0 0.85546875 0.4140625 0.04 0.04
0 0.75 0.369140625 0.04 0.04
0 0.861328125 0.353515625 0.04 0.04
0 0.7109375 0.32421875 0.04 0.04
0 0.625 0.3125 0.04 0.04
0 0.998046875 0.2734375 0.04 0.04
0 0.6484375 0.263671875 0.04 0.04
0 0.751953125 0.26171875 0.04 0.04
0 0.552734375 0.232421875 0.04 0.04
0 0.798828125 0.228515625 0.04 0.04
0 0.83203125 0.15625 0.04 0.04
0 0.712890625 0.142578125 0.04 0.04
0 0.970703125 0.091796875 0.04 0.04
0 0.595703125 0.056640625 0.04 0.04
0 0.66015625 0.0 0.04 0.04
