0 0.33203125 0.9765625 0.04 0.04
0 0.6328125 0.931640625 0.04 0.04
0 0.421875 0.931640625 0.04 0.04
0 0.10546875 0.919921875 0.04 0.04
0 0.3671875 0.89453125 0.04 0.04
0 0.177734375 0.873046875 0.04 0.04
0 0.521484375 0.8671875 0.04 0.04
0 0.265625 0.8515625 0.04 0.04
0 0.06640625 0.8125 0.04 0.04
0 0.439453125 0.806640625 0.04 0.04
0 0.1015625 0.802734375 0.04 0.04
0 0.16015625 0.796875 0.04 0.04
0 0.357421875 0.791015625 0.04 0.04
0 0.255859375 0.779296875 0.04 0.04
0 0.412109375 0.724609375 0.04 0.04
0 0.23046875 0.67578125 0.04 0.04
0 0.27734375 0.62890625 0.04 0.04
0 0.015625 0.5 0.04 0.04
