0 0.763671875 0.998046875 0.04 0.04
0 0.189453125 0.978515625 0.04 0.04
0 0.15234375 0.97265625 0.04 0.04
0 0.607421875 0.939453125 0.04 0.04
0 0.650390625 0.90625 0.04 0.04
0 0.765625 0.880859375 0.04 0.04
0 0.626953125 0.861328125 0.04 0.04
0 0.716796875 0.857421875 0.04 0.04
0 0.421875 0.85546875 0.04 0.04
0 0.09375 0.8515625 0.04 0.04
0 0.474609375 0.849609375 0.04 0.04
0 0.896484375 0.84375 0.04 0.04
0 0.533203125 0.783203125 0.04 0.04
0 0.765625 0.763671875 0.04 0.04
0 0.90625 0.75 0.04 0.04
0 0.1484375 0.732421875 0.04 0.04
0 0.8359375 0.6875 0.04 0.04
0 0.9375 0.619140625 0.04 0.04
0 0.626953125 0.6171875 0.04 0.04
0 0.74609375 0.6015625 0.04 0.04
0 0.408203125 0.59765625 0.04 0.04
0 0.185546875 0.552734375 0.04 0.04
0 0.859375 0.548828125 0.04 0.04
0 0.61328125 0.525390625 0.04 0.04
0 0.640625 0.46484375 0.04 0.04
0 0.841796875 0.453125 0.04 0.04
0 0.80078125 0.431640625 0.04 0.04
0 0.580078125 0.416015625 0.04 0.04
0 0.232421875 0.4140625 0.04 0.04
0 0.896484375 0.39453125 0.04 0.04
0 0.275390625 0.375 0.04 0.04
0 0.697265625 0.3515625 0.04 0.04
0 0.580078125 0.291015625 0.04 0.04
0 0.837890625 0.265625 0.04 0.04
0 0.943359375 0.248046875 0.04 0.04
0 0.14453125 0.208984375 0.04 0.04
0 0.76171875 0.1875 0.04 0.04
0 0.990234375 0.154296875 0.04 0.04
0 0.650390625 0.138671875 0.04 0.04
0 0.34765625 0.12890625 0.04 0.04
0 0.904296875 0.12109375 0.04 0.04
0 0.50390625 0.111328125 0.04 0.04
0 0.806640625 0.05078125 0.04 0.04
0 0.068359375 0.048828125 0.04 0.04
0 0.6171875 0.0390625 0.04 0.04
