0 0.208984375 0.8046875 0.04 0.04
0 0.36328125 0.802734375 0.04 0.04
0 0.654296875 0.771484375 0.04 0.04
0 0.859375 0.755859375 0.04 0.04
0 0.375 0.638671875 0.04 0.04
0 0.796875 0.6171875 0.04 0.04
0 0.1953125 0.599609375 0.04 0.04
0 0.08203125 0.439453125 0.04 0.04
0 0.16796875 0.396484375 0.04 0.04
0 0.9453125 0.384765625 0.04 0.04
0 0.3203125 0.32421875 0.04 0.04
0 0.681640625 0.279296875 0.04 0.04
0 0.08984375 0.2421875 0.04 0.04
0 0.28125 0.181640625 0.04 0.04
0 0.900390625 0.177734375 0.04 0.04
0 0.373046875 0.13671875 0.04 0.04
0 0.833984375 0.095703125 0.04 0.04
0 0.302734375 0.091796875 0.04 0.04
0 0.998046875 0.087890625 0.04 0.04
