0 0.759765625 0.998046875 0.04 0.04
0 0.2265625 0.990234375 0.04 0.04
0 0.09375 0.974609375 0.04 0.04
0 0.341796875 0.9375 0.04 0.04
0 0.18359375 0.927734375 0.04 0.04
0 0.140625 0.923828125 0.04 0.04
0 0.982421875 0.892578125 0.04 0.04
0 0.4765625 0.869140625 0.04 0.04
0 0.26953125 0.859375 0.04 0.04
0 0.3984375 0.853515625 0.04 0.04
0 0.322265625 0.83984375 0.04 0.04
0 0.20703125 0.833984375 0.04 0.04
0 0.111328125 0.83203125 0.04 0.04
0 0.5390625 0.826171875 0.04 0.04
0 0.150390625 0.775390625 0.04 0.04
0 0.67578125 0.763671875 0.04 0.04
0 0.333984375 0.76171875 0.04 0.04
0 0.900390625 0.7578125 0.04 0.04
0 0.19921875 0.71875 0.04 0.04
0 0.01171875 0.708984375 0.04 0.04
0 0.9140625 0.69140625 0.04 0.04
0 0.62109375 0.69140625 0.04 0.04
0 0.09375 0.67578125 0.04 0.04
0 0.263671875 0.6640625 0.04 0.04
0 0.482421875 0.65625 0.04 0.04
0 0.294921875 0.638671875 0.04 0.04
0 0.9921875 0.625 0.04 0.04
0 0.267578125 0.611328125 0.04 0.04
0 0.7265625 0.5859375 0.04 0.04
0 0.466796875 0.58203125 0.04 0.04
0 0.197265625 0.572265625 0.04 0.04
0 0.16796875 0.5390625 0.04 0.04
0 0.2578125 0.525390625 0.04 0.04
0 0.375 0.486328125 0.04 0.04
0 0.05859375 0.462890625 0.04 0.04
0 0.0 0.44921875 0.04 0.04
0 0.13671875 0.400390625 0.04 0.04
0 0.021484375 0.392578125 0.04 0.04
0 0.23046875 0.359375 0.04 0.04
0 0.498046875 0.3515625 0.04 0.04
0 0.62109375 0.31640625 0.04 0.04
0 0.134765625 0.31640625 0.04 0.04
0 0.39453125 0.28125 0.04 0.04
0 0.31640625 0.25390625 0.04 0.04
0 0.0 0.25390625 0.04 0.04
0 0.662109375 0.1953125 0.04 0.04
0 0.015625 0.177734375 0.04 0.04
0 0.830078125 0.126953125 0.04 0.04
0 0.9765625 0.125 0.04 0.04
0 0.060546875 0.103515625 0.04 0.04
0 0.125 0.068359375 0.04 0.04
0 0.548828125 0.052734375 0.04 0.04
