0 0.138671875 0.900390625 0.04 0.04
0 0.50390625 0.80859375 0.04 0.04
0 0.623046875 0.716796875 0.04 0.04
0 0.953125 0.7109375 0.04 0.04
0 0.7109375 0.685546875 0.04 0.04
0 0.4453125 0.6640625 0.04 0.04
0 0.560546875 0.548828125 0.04 0.04
0 0.94140625 0.52734375 0.04 0.04
0 0.11328125 0.51171875 0.04 0.04
0 0.0390625 0.466796875 0.04 0.04
0 0.203125 0.3984375 0.04 0.04
0 0.982421875 0.361328125 0.04 0.04
0 0.8984375 0.294921875 0.04 0.04
0 0.28125 0.2890625 0.04 0.04
0 0.11328125 0.24609375 0.04 0.04
0 0.796875 0.224609375 0.04 0.04
0 0.0546875 0.115234375 0.04 0.04
0 0.455078125 0.095703125 0.04 0.04
0 0.125 0.07421875 0.04 0.04
0 0.71484375 0.072265625 0.04 0.04
0 0.453125 0.025390625 0.04 0.04
0 0.115234375 0.0 0.04 0.04
