0 0.478515625 0.96875 0.04 0.04
0 0.416015625 0.931640625 0.04 0.04
0 0.90234375 0.8828125 0.04 0.04
0 0.521484375 0.828125 0.04 0.04
0 0.513671875 0.748046875 0.04 0.04
0 0.759765625 0.744140625 0.04 0.04
0 0.76171875 0.716796875 0.04 0.04
0 0.263671875 0.669921875 0.04 0.04
0 0.337890625 0.64453125 0.04 0.04
0 0.728515625 0.623046875 0.04 0.04
0 0.4375 0.572265625 0.04 0.04
0 0.046875 0.546875 0.04 0.04
0 0.046875 0.53515625 0.04 0.04
0 0.69140625 0.53125 0.04 0.04
0 0.05078125 0.50390625 0.04 0.04
0 0.203125 0.474609375 0.04 0.04
0 0.203125 0.466796875 0.04 0.04
0 0.28125 0.3515625 0.04 0.04
0 0.052734375 0.314453125 0.04 0.04
0 0.720703125 0.291015625 0.04 0.04
0 0.00390625 0.287109375 0.04 0.04
0 0.00390625 0.27734375 0.04 0.04
0 0.40625 0.26953125 0.04 0.04
0 0.837890625 0.115234375 0.04 0.04
0 0.84765625 0.0703125 0.04 0.04
0 0.47265625 0.02734375 0.04 0.04
0 0.763671875 0.0 0.04 0.04
0 0.5 0.0 0.04 0.04
0 0.462890625 0.0 0.04 0.04
