0 0.572265625 0.775390625 0.04 0.04
0 0.466796875 0.74609375 0.04 0.04
0 0.177734375 0.662109375 0.04 0.04
0 0.501953125 0.580078125 0.04 0.04
0 0.2265625 0.5546875 0.04 0.04
0 0.310546875 0.53515625 0.04 0.04
0 0.28515625 0.404296875 0.04 0.04
0 0.62890625 0.341796875 0.04 0.04
0 0.775390625 0.333984375 0.04 0.04
0 0.28515625 0.330078125 0.04 0.04
0 0.845703125 0.283203125 0.04 0.04
0 0.443359375 0.20703125 0.04 0.04
0 0.2265625 0.1484375 0.04 0.04
0 0.7734375 0.083984375 0.04 0.04
0 0.3671875 0.068359375 0.04 0.04
0 0.1171875 0.01953125 0.04 0.04
0 0.185546875 0.01171875 0.04 0.04
