0 0.390625 0.892578125 0.04 0.04
0 0.958984375 0.775390625 0.04 0.04
0 0.154296875 0.76953125 0.04 0.04
0 0.162109375 0.755859375 0.04 0.04
0 0.369140625 0.736328125 0.04 0.04
0 0.908203125 0.66796875 0.04 0.04
0 0.6171875 0.60546875 0.04 0.04
0 0.583984375 0.552734375 0.04 0.04
0 0.58984375 0.541015625 0.04 0.04
0 0.669921875 0.509765625 0.04 0.04
0 0.5234375 0.46875 0.04 0.04
0 0.5859375 0.462890625 0.04 0.04
0 0.685546875 0.365234375 0.04 0.04
0 0.748046875 0.337890625 0.04 0.04
0 0.57421875 0.306640625 0.04 0.04
0 0.806640625 0.259765625 0.04 0.04
0 0.0234375 0.162109375 0.04 0.04
0 0.115234375 0.013671875 0.04 0.04
