0 0.0078125 0.9375 0.04 0.04
0 0.857421875 0.83203125 0.04 0.04
0 0.111328125 0.828125 0.04 0.04
0 0.0703125 0.8046875 0.04 0.04
0 0.82421875 0.78515625 0.04 0.04
0 0.365234375 0.6484375 0.04 0.04
0 0.595703125 0.4765625 0.04 0.04
0 0.154296875 0.4765625 0.04 0.04
0 0.40625 0.34765625 0.04 0.04
0 0.021484375 0.302734375 0.04 0.04
0 0.15234375 0.29296875 0.04 0.04
0 0.41796875 0.279296875 0.04 0.04
0 0.1953125 0.166015625 0.04 0.04
0 0.072265625 0.130859375 0.04 0.04
0 0.8984375 0.068359375 0.04 0.04
0 0.763671875 0.0625 0.04 0.04
