0 0.728515625 0.984375 0.04 0.04
0 0.728515625 0.9765625 0.04 0.04
0 0.78515625 0.91796875 0.04 0.04
0 0.77734375 0.87890625 0.04 0.04
0 0.31640625 0.876953125 0.04 0.04
0 0.6953125 0.8515625 0.04 0.04
0 0.150390625 0.751953125 0.04 0.04
0 0.828125 0.744140625 0.04 0.04
0 0.31640625 0.615234375 0.04 0.04
0 0.279296875 0.4375 0.04 0.04
0 0.986328125 0.400390625 0.04 0.04
0 0.05078125 0.39453125 0.04 0.04
0 0.986328125 0.388671875 0.04 0.04
0 0.318359375 0.3828125 0.04 0.04
0 0.958984375 0.22265625 0.04 0.04
0 0.958984375 0.21484375 0.04 0.04
0 0.44140625 0.15234375 0.04 0.04
0 0.5859375 0.0546875 0.04 0.04
