0 0.427734375 0.966796875 0.04 0.04
0 0.6328125 0.90234375 0.04 0.04
0 0.67578125 0.8828125 0.04 0.04
0 0.548828125 0.8671875 0.04 0.04
0 0.70703125 0.861328125 0.04 0.04
0 0.11328125 0.83984375 0.04 0.04
0 0.134765625 0.76953125 0.04 0.04
0 0.576171875 0.744140625 0.04 0.04
0 0.197265625 0.703125 0.04 0.04
0 0.107421875 0.658203125 0.04 0.04
0 0.189453125 0.58203125 0.04 0.04
0 0.79296875 0.568359375 0.04 0.04
0 0.095703125 0.5625 0.04 0.04
0 0.24609375 0.556640625 0.04 0.04
0 0.837890625 0.474609375 0.04 0.04
0 0.8984375 0.31640625 0.04 0.04
