0 0.365234375 0.998046875 0.04 0.04
0 0.150390625 0.931640625 0.04 0.04
0 0.29296875 0.833984375 0.04 0.04
0 0.08984375 0.736328125 0.04 0.04
0 0.46875 0.7265625 0.04 0.04
0 0.814453125 0.4453125 0.04 0.04
0 0.0 0.388671875 0.04 0.04
0 0.830078125 0.3671875 0.04 0.04
0 0.466796875 0.353515625 0.04 0.04
0 0.029296875 0.27734375 0.04 0.04
0 0.548828125 0.20703125 0.04 0.04
0 0.341796875 0.15234375 0.04 0.04
0 0.72265625 0.142578125 0.04 0.04
0 0.771484375 0.08203125 0.04 0.04
0 0.11328125 0.0078125 0.04 0.04
