0 0.109375 0.994140625 0.04 0.04
0 0.81640625 0.990234375 0.04 0.04
0 0.3515625 0.953125 0.04 0.04
0 0.876953125 0.927734375 0.04 0.04
0 0.076171875 0.779296875 0.04 0.04
0 0.580078125 0.736328125 0.04 0.04
0 0.671875 0.73046875 0.04 0.04
0 0.158203125 0.6875 0.04 0.04
0 0.28125 0.681640625 0.04 0.04
0 0.212890625 0.654296875 0.04 0.04
0 0.486328125 0.533203125 0.04 0.04
0 0.20703125 0.517578125 0.04 0.04
0 0.25390625 0.50390625 0.04 0.04
0 0.35546875 0.4453125 0.04 0.04
0 0.470703125 0.431640625 0.04 0.04
0 0.142578125 0.1171875 0.04 0.04
0 0.228515625 0.0 0.04 0.04
