0 0.958984375 0.640625 0.04 0.04
0 0.75 0.609375 0.04 0.04
0 0.87109375 0.580078125 0.04 0.04
0 0.61328125 0.525390625 0.04 0.04
0 0.5546875 0.5078125 0.04 0.04
0 0.51171875 0.4765625 0.04 0.04
0 0.35546875 0.439453125 0.04 0.04
0 0.404296875 0.408203125 0.04 0.04
0 0.49609375 0.36328125 0.04 0.04
0 0.134765625 0.36328125 0.04 0.04
0 0.578125 0.33984375 0.04 0.04
0 0.08203125 0.314453125 0.04 0.04
0 0.3359375 0.22265625 0.04 0.04
0 0.271484375 0.22265625 0.04 0.04
0 0.6875 0.208984375 0.04 0.04
0 0.677734375 0.1953125 0.04 0.04
0 0.017578125 0.1875 0.04 0.04
0 0.53515625 0.138671875 0.04 0.04
0 0.634765625 0.119140625 0.04 0.04
0 0.1015625 0.10546875 0.04 0.04
0 0.037109375 0.064453125 0.04 0.04
0 0.6015625 0.01171875 0.04 0.04
0 0.48828125 0.0 0.04 0.04
