0 0.908203125 0.966796875 0.04 0.04
0 0.970703125 0.962890625 0.04 0.04
0 0.7109375 0.935546875 0.04 0.04
0 0.5703125 0.93359375 0.04 0.04
0 0.623046875 0.904296875 0.04 0.04
0 0.8671875 0.880859375 0.04 0.04
0 0.474609375 0.8203125 0.04 0.04
0 0.265625 0.787109375 0.04 0.04
0 0.376953125 0.7734375 0.04 0.04
0 0.626953125 0.76953125 0.04 0.04
0 0.5859375 0.76953125 0.04 0.04
0 0.478515625 0.755859375 0.04 0.04
0 0.828125 0.75 0.04 0.04
0 0.26953125 0.748046875 0.04 0.04
0 0.05859375 0.734375 0.04 0.04
0 0.859375 0.728515625 0.04 0.04
0 0.162109375 0.70703125 0.04 0.04
0 0.73046875 0.703125 0.04 0.04
0 0.404296875 0.697265625 0.04 0.04
0 0.318359375 0.685546875 0.04 0.04
0 0.755859375 0.677734375 0.04 0.04
0 0.455078125 0.640625 0.04 0.04
0 0.029296875 0.623046875 0.04 0.04
0 0.7734375 0.615234375 0.04 0.04
0 0.001953125 0.583984375 0.04 0.04
0 0.689453125 0.578125 0.04 0.04
0 0.85546875 0.5546875 0.04 0.04
0 0.150390625 0.470703125 0.04 0.04
0 0.955078125 0.466796875 0.04 0.04
0 0.765625 0.423828125 0.04 0.04
0 0.46484375 0.400390625 0.04 0.04
0 0.375 0.39453125 0.04 0.04
0 0.0390625 0.365234375 0.04 0.04
0 0.615234375 0.36328125 0.04 0.04
0 0.283203125 0.353515625 0.04 0.04
0 0.833984375 0.337890625 0.04 0.04
0 0.25390625 0.337890625 0.04 0.04
0 0.1171875 0.302734375 0.04 0.04
0 0.013671875 0.2734375 0.04 0.04
0 0.783203125 0.26953125 0.04 0.04
0 0.357421875 0.25390625 0.04 0.04
0 0.201171875 0.234375 0.04 0.04
0 0.107421875 0.21484375 0.04 0.04
0 0.25390625 0.15625 0.04 0.04
0 0.033203125 0.154296875 0.04 0.04
0 0.0 0.142578125 0.04 0.04
0 0.44921875 0.138671875 0.04 0.04
0 0.634765625 0.125 0.04 0.04
0 0.3515625 0.125 0.04 0.04
0 0.65625 0.099609375 0.04 0.04
0 0.494140625 0.0625 0.04 0.04
0 0.578125 0.037109375 0.04 0.04
0 0.44921875 0.033203125 0.04 0.04
0 0.37109375 0.015625 0.04 0.04
0 0.80078125 0.0 0.04 0.04
