0 0.046875 0.5703125 0.04 0.04
0 0.849609375 0.466796875 0.04 0.04
0 0.595703125 0.365234375 0.04 0.04
0 0.26171875 0.298828125 0.04 0.04
0 0.8046875 0.275390625 0.04 0.04
0 0.89453125 0.248046875 0.04 0.04
0 0.947265625 0.2265625 0.04 0.04
0 0.732421875 0.1484375 0.04 0.04
0 0.62890625 0.130859375 0.04 0.04
0 0.4921875 0.123046875 0.04 0.04
0 0.943359375 0.115234375 0.04 0.04
0 0.359375 0.09375 0.04 0.04
0 0.646484375 0.056640625 0.04 0.04
0 0.578125 0.013671875 0.04 0.04
0 0.15625 0.013671875 0.04 0.04
0 0.341796875 0.01171875 0.04 0.04
0 0.8203125 0.0078125 0.04 0.04
