0 0.998046875 0.849609375 0.04 0.04
0 0.83203125 0.697265625 0.04 0.04
0 0.478515625 0.61328125 0.04 0.04
0 0.849609375 0.59765625 0.04 0.04
0 0.607421875 0.59375 0.04 0.04
0 0.517578125 0.443359375 0.04 0.04
0 0.232421875 0.4375 0.04 0.04
0 0.775390625 0.42578125 0.04 0.04
0 0.404296875 0.40625 0.04 0.04
0 0.890625 0.3515625 0.04 0.04
0 0.078125 0.31640625 0.04 0.04
0 0.474609375 0.30859375 0.04 0.04
0 0.998046875 0.232421875 0.04 0.04
0 0.595703125 0.1484375 0.04 0.04
0 0.18359375 0.1328125 0.04 0.04
0 0.123046875 0.076171875 0.04 0.04
0 0.27734375 0.07421875 0.04 0.04
0 0.78125 0.03125 0.04 0.04
