0 0.505859375 0.810546875 0.04 0.04
0 0.0 0.806640625 0.04 0.04
0 0.546875 0.671875 0.04 0.04
0 0.06640625 0.537109375 0.04 0.04
0 0.958984375 0.521484375 0.04 0.04
0 0.095703125 0.443359375 0.04 0.04
0 0.9765625 0.4140625 0.04 0.04
0 0.55859375 0.3125 0.04 0.04
0 0.638671875 0.310546875 0.04 0.04
0 0.673828125 0.28125 0.04 0.04
0 0.400390625 0.16015625 0.04 0.04
0 0.908203125 0.0859375 0.04 0.04
0 0.705078125 0.04296875 0.04 0.04
0 0.9296875 0.017578125 0.04 0.04
0 0.271484375 0.015625 0.04 0.04
