0 0.75 0.99609375 0.04 0.04
0 0.318359375 0.990234375 0.04 0.04
0 0.28125 0.984375 0.04 0.04
0 0.607421875 0.94921875 0.04 0.04
0 0.90234375 0.947265625 0.04 0.04
0 0.923828125 0.91015625 0.04 0.04
0 0.26171875 0.90234375 0.04 0.04
0 0.8359375 0.8984375 0.04 0.04
0 0.341796875 0.896484375 0.04 0.04
0 0.62890625 0.888671875 0.04 0.04
0 0.130859375 0.888671875 0.04 0.04
0 0.390625 0.87109375 0.04 0.04
0 0.4296875 0.853515625 0.04 0.04
0 0.498046875 0.8359375 0.04 0.04
0 0.052734375 0.8359375 0.04 0.04
0 0.2421875 0.830078125 0.04 0.04
0 0.294921875 0.810546875 0.04 0.04
0 0.71875 0.80859375 0.04 0.04
0 0.140625 0.791015625 0.04 0.04
0 0.92578125 0.765625 0.04 0.04
0 0.630859375 0.71875 0.04 0.04
0 0.53515625 0.716796875 0.04 0.04
0 0.3046875 0.689453125 0.04 0.04
0 0.056640625 0.689453125 0.04 0.04
0 0.376953125 0.61328125 0.04 0.04
0 0.515625 0.54296875 0.04 0.04
0 0.326171875 0.509765625 0.04 0.04
0 0.216796875 0.44921875 0.04 0.04
0 0.12109375 0.41796875 0.04 0.04
0 0.0859375 0.33203125 0.04 0.04
