0 0.837890625 0.98828125 0.04 0.04
0 0.697265625 0.939453125 0.04 0.04
0 0.3046875 0.880859375 0.04 0.04
0 0.125 0.828125 0.04 0.04
0 0.748046875 0.791015625 0.04 0.04
0 0.162109375 0.787109375 0.04 0.04
0 0.916015625 0.71875 0.04 0.04
0 0.53125 0.677734375 0.04 0.04
0 0.828125 0.64453125 0.04 0.04
0 0.044921875 0.642578125 0.04 0.04
0 0.12890625 0.595703125 0.04 0.04
0 0.09765625 0.5859375 0.04 0.04
0 0.80078125 0.580078125 0.04 0.04
0 0.142578125 0.455078125 0.04 0.04
0 0.43359375 0.416015625 0.04 0.04
0 0.40625 0.3984375 0.04 0.04
0 0.91796875 0.384765625 0.04 0.04
0 0.203125 0.30859375 0.04 0.04
0 0.029296875 0.287109375 0.04 0.04
0 0.251953125 0.28515625 0.04 0.04
0 0.1640625 0.234375 0.04 0.04
0 0.044921875 0.166015625 0.04 0.04
