0 0.87890625 0.98046875 0.04 0.04
0 0.6015625 0.88671875 0.04 0.04
0 0.9609375 0.80859375 0.04 0.04
0 0.68359375 0.7890625 0.04 0.04
0 0.798828125 0.775390625 0.04 0.04
0 0.572265625 0.724609375 0.04 0.04
0 0.357421875 0.724609375 0.04 0.04
0 0.29296875 0.724609375 0.04 0.04
0 0.29296875 0.71484375 0.04 0.04
0 0.6640625 0.701171875 0.04 0.04
0 0.779296875 0.595703125 0.04 0.04
0 0.458984375 0.49609375 0.04 0.04
0 0.912109375 0.470703125 0.04 0.04
0 0.193359375 0.392578125 0.04 0.04
0 0.193359375 0.3828125 0.04 0.04
0 0.37890625 0.37890625 0.04 0.04
0 0.37890625 0.365234375 0.04 0.04
0 0.708984375 0.306640625 0.04 0.04
0 0.310546875 0.302734375 0.04 0.04
0 0.8203125 0.279296875 0.04 0.04
0 0.107421875 0.240234375 0.04 0.04
0 0.466796875 0.236328125 0.04 0.04
0 0.87890625 0.2265625 0.04 0.04
0 0.27734375 0.2109375 0.04 0.04
0 0.412109375 0.16796875 0.04 0.04
0 0.552734375 0.16015625 0.04 0.04
0 0.763671875 0.115234375 0.04 0.04
0 0.1484375 0.068359375 0.04 0.04
0 0.33984375 0.0390625 0.04 0.04
0 0.759765625 0.0 0.04 0.04
