0 0.5546875 0.98046875 0.04 0.04
0 0.31640625 0.978515625 0.04 0.04
0 0.615234375 0.966796875 0.04 0.04
0 0.419921875 0.947265625 0.04 0.04
0 0.537109375 0.9375 0.04 0.04
0 0.232421875 0.93359375 0.04 0.04
0 0.294921875 0.927734375 0.04 0.04
0 0.611328125 0.912109375 0.04 0.04
0 0.48828125 0.888671875 0.04 0.04
0 0.228515625 0.859375 0.04 0.04
0 0.12890625 0.84375 0.04 0.04
0 0.025390625 0.826171875 0.04 0.04
0 0.35546875 0.818359375 0.04 0.04
0 0.203125 0.802734375 0.04 0.04
0 0.298828125 0.77734375 0.04 0.04
0 0.462890625 0.76953125 0.04 0.04
0 0.12890625 0.75 0.04 0.04
0 0.345703125 0.67578125 0.04 0.04
0 0.39453125 0.625 0.04 0.04
0 0.271484375 0.572265625 0.04 0.04
0 0.056640625 0.4375 0.04 0.04
0 0.205078125 0.376953125 0.04 0.04
0 0.12890625 0.3203125 0.04 0.04
0 0.037109375 0.244140625 0.04 0.04
