0 0.013671875 0.9609375 0.04 0.04
0 0.423828125 0.775390625 0.04 0.04
0 0.48046875 0.751953125 0.04 0.04
0 0.0 0.732421875 0.04 0.04
0 0.958984375 0.412109375 0.04 0.04
0 0.482421875 0.359375 0.04 0.04
0 0.935546875 0.345703125 0.04 0.04
0 0.5625 0.341796875 0.04 0.04
0 0.01953125 0.341796875 0.04 0.04
0 0.19921875 0.27734375 0.04 0.04
0 0.349609375 0.275390625 0.04 0.04
0 0.181640625 0.23046875 0.04 0.04
0 0.400390625 0.203125 0.04 0.04
0 0.15234375 0.068359375 0.04 0.04
0 0.109375 0.029296875 0.04 0.04
