0 0.720703125 0.998046875 0.04 0.04
0 0.517578125 0.982421875 0.04 0.04
0 0.951171875 0.94140625 0.04 0.04
0 0.54296875 0.927734375 0.04 0.04
0 0.796875 0.91796875 0.04 0.04
0 0.677734375 0.88671875 0.04 0.04
0 0.638671875 0.859375 0.04 0.04
0 0.080078125 0.84765625 0.04 0.04
0 0.373046875 0.84375 0.04 0.04
0 0.435546875 0.80859375 0.04 0.04
0 0.796875 0.77734375 0.04 0.04
0 0.595703125 0.703125 0.04 0.04
0 0.8359375 0.67578125 0.04 0.04
0 0.515625 0.59375 0.04 0.04
0 0.66015625 0.568359375 0.04 0.04
