0 0.716796875 0.97265625 0.04 0.04
0 0.185546875 0.9453125 0.04 0.04
0 0.63671875 0.912109375 0.04 0.04
0 0.732421875 0.87890625 0.04 0.04
0 0.015625 0.875 0.04 0.04
0 0.53515625 0.8515625 0.04 0.04
0 0.69921875 0.796875 0.04 0.04
0 0.28125 0.783203125 0.04 0.04
0 0.58984375 0.77734375 0.04 0.04
0 0.583984375 0.732421875 0.04 0.04
0 0.654296875 0.65625 0.04 0.04
0 0.16015625 0.59765625 0.04 0.04
0 0.326171875 0.572265625 0.04 0.04
0 0.35546875 0.509765625 0.04 0.04
0 0.125 0.478515625 0.04 0.04
0 0.1328125 0.400390625 0.04 0.04
