0 0.74609375 0.625 0.04 0.04
0 0.73828125 0.625 0.04 0.04
0 0.59375 0.62109375 0.04 0.04
0 0.568359375 0.6171875 0.04 0.04
0 0.13671875 0.46875 0.04 0.04
0 0.1015625 0.390625 0.04 0.04
0 0.017578125 0.38671875 0.04 0.04
0 0.73046875 0.384765625 0.04 0.04
0 0.671875 0.384765625 0.04 0.04
0 0.64453125 0.384765625 0.04 0.04
0 0.5859375 0.326171875 0.04 0.04
0 0.5703125 0.232421875 0.04 0.04
0 0.54296875 0.232421875 0.04 0.04
0 0.3203125 0.177734375 0.04 0.04
0 0.29296875 0.177734375 0.04 0.04
0 0.0 0.171875 0.04 0.04
0 0.439453125 0.130859375 0.04 0.04
0 0.412109375 0.130859375 0.04 0.04
