0 0.7890625 0.998046875 0.04 0.04
0 0.837890625 0.95703125 0.04 0.04
0 0.84765625 0.9140625 0.04 0.04
0 0.458984375 0.908203125 0.04 0.04
0 0.7109375 0.83984375 0.04 0.04
0 0.955078125 0.54296875 0.04 0.04
0 0.64453125 0.431640625 0.04 0.04
0 0.52734375 0.373046875 0.04 0.04
0 0.23828125 0.2890625 0.04 0.04
0 0.25 0.251953125 0.04 0.04
0 0.376953125 0.185546875 0.04 0.04
0 0.29296875 0.154296875 0.04 0.04
0 0.228515625 0.138671875 0.04 0.04
0 0.353515625 0.099609375 0.04 0.04
0 0.2734375 0.025390625 0.04 0.04
0 0.490234375 0.021484375 0.04 0.04
0 0.21484375 0.01953125 0.04 0.04
0 0.044921875 0.015625 0.04 0.04
