0 0.67578125 0.998046875 0.04 0.04
0 0.85546875 0.9609375 0.04 0.04
0 0.69921875 0.947265625 0.04 0.04
0 0.744140625 0.93359375 0.04 0.04
0 0.935546875 0.931640625 0.04 0.04
0 0.83203125 0.86328125 0.04 0.04
0 0.966796875 0.85546875 0.04 0.04
0 0.673828125 0.806640625 0.04 0.04
0 0.828125 0.748046875 0.04 0.04
0 0.91015625 0.74609375 0.04 0.04
0 0.578125 0.740234375 0.04 0.04
0 0.376953125 0.740234375 0.04 0.04
0 0.68359375 0.71875 0.04 0.04
0 0.8125 0.69921875 0.04 0.04
0 0.76171875 0.666015625 0.04 0.04
0 0.94140625 0.6640625 0.04 0.04
0 0.4609375 0.630859375 0.04 0.04
0 0.603515625 0.603515625 0.04 0.04
0 0.380859375 0.58203125 0.04 0.04
0 0.75 0.578125 0.04 0.04
0 0.51171875 0.5625 0.04 0.04
0 0.9375 0.556640625 0.04 0.04
0 0.6796875 0.529296875 0.04 0.04
0 0.43359375 0.486328125 0.04 0.04
0 0.216796875 0.486328125 0.04 0.04
0 0.54296875 0.474609375 0.04 0.04
0 0.2578125 0.427734375 0.04 0.04
0 0.576171875 0.3984375 0.04 0.04
0 0.2421875 0.396484375 0.04 0.04
0 0.10546875 0.32421875 0.04 0.04
0 0.1953125 0.322265625 0.04 0.04
0 0.09765625 0.220703125 0.04 0.04
0 0.025390625 0.11328125 0.04 0.04
0 0.0703125 0.0859375 0.04 0.04
0 0.1484375 0.08203125 0.04 0.04
0 0.005859375 0.078125 0.04 0.04
