0 0.353515625 0.98828125 0.04 0.04
0 0.9453125 0.9765625 0.04 0.04
0 0.400390625 0.97265625 0.04 0.04
0 0.30078125 0.94921875 0.04 0.04
0 0.244140625 0.93359375 0.04 0.04
0 0.171875 0.931640625 0.04 0.04
0 0.953125 0.923828125 0.04 0.04
0 0.998046875 0.87890625 0.04 0.04
0 0.521484375 0.82421875 0.04 0.04
0 0.32421875 0.791015625 0.04 0.04
0 0.177734375 0.783203125 0.04 0.04
0 0.4921875 0.7734375 0.04 0.04
0 0.919921875 0.76953125 0.04 0.04
0 0.998046875 0.751953125 0.04 0.04
0 0.802734375 0.73046875 0.04 0.04
0 0.43359375 0.728515625 0.04 0.04
0 0.2890625 0.69921875 0.04 0.04
0 0.74609375 0.685546875 0.04 0.04
0 0.990234375 0.677734375 0.04 0.04
0 0.44921875 0.640625 0.04 0.04
0 0.833984375 0.626953125 0.04 0.04
0 0.0546875 0.587890625 0.04 0.04
0 0.966796875 0.560546875 0.04 0.04
0 0.0078125 0.55859375 0.04 0.04
0 0.40625 0.55078125 0.04 0.04
0 0.654296875 0.537109375 0.04 0.04
0 0.353515625 0.49609375 0.04 0.04
0 0.8125 0.494140625 0.04 0.04
0 0.478515625 0.470703125 0.04 0.04
0 0.595703125 0.458984375 0.04 0.04
0 0.73046875 0.453125 0.04 0.04
0 0.8828125 0.43359375 0.04 0.04
0 0.033203125 0.4140625 0.04 0.04
0 0.998046875 0.35546875 0.04 0.04
0 0.4921875 0.35546875 0.04 0.04
0 0.73828125 0.29296875 0.04 0.04
0 0.142578125 0.275390625 0.04 0.04
0 0.0 0.2734375 0.04 0.04
0 0.59765625 0.26171875 0.04 0.04
0 0.396484375 0.158203125 0.04 0.04
0 0.13671875 0.1171875 0.04 0.04
0 0.115234375 0.109375 0.04 0.04
0 0.439453125 0.1015625 0.04 0.04
0 0.521484375 0.09765625 0.04 0.04
0 0.36328125 0.08984375 0.04 0.04
0 0.28125 0.087890625 0.04 0.04
0 0.783203125 0.083984375 0.04 0.04
0 0.615234375 0.064453125 0.04 0.04
0 0.3828125 0.05078125 0.04 0.04
0 0.466796875 0.04296875 0.04 0.04
0 0.904296875 0.0078125 0.04 0.04
