0 0.80078125 0.998046875 0.04 0.04
0 0.236328125 0.984375 0.04 0.04
0 0.359375 0.943359375 0.04 0.04
0 0.7421875 0.859375 0.04 0.04
0 0.259765625 0.853515625 0.04 0.04
0 0.8046875 0.841796875 0.04 0.04
0 0.181640625 0.828125 0.04 0.04
0 0.02734375 0.8125 0.04 0.04
0 0.25390625 0.755859375 0.04 0.04
0 0.775390625 0.724609375 0.04 0.04
0 0.4453125 0.70703125 0.04 0.04
0 0.203125 0.662109375 0.04 0.04
0 0.095703125 0.634765625 0.04 0.04
0 0.130859375 0.529296875 0.04 0.04
0 0.033203125 0.5078125 0.04 0.04
0 0.029296875 0.404296875 0.04 0.04
0 0.1640625 0.392578125 0.04 0.04
0 0.279296875 0.38671875 0.04 0.04
0 0.3203125 0.259765625 0.04 0.04
0 0.2109375 0.1953125 0.04 0.04
0 0.326171875 0.169921875 0.04 0.04
0 0.099609375 0.12890625 0.04 0.04
0 0.416015625 0.087890625 0.04 0.04
