0 0.90625 0.9609375 0.04 0.04
0 0.888671875 0.830078125 0.04 0.04
0 0.728515625 0.78125 0.04 0.04
0 0.8671875 0.767578125 0.04 0.04
0 0.826171875 0.65234375 0.04 0.04
0 0.64453125 0.625 0.04 0.04
0 0.82421875 0.509765625 0.04 0.04
0 0.90625 0.47265625 0.04 0.04
0 0.66796875 0.42578125 0.04 0.04
0 0.03515625 0.41796875 0.04 0.04
0 0.595703125 0.416015625 0.04 0.04
0 0.373046875 0.40625 0.04 0.04
0 0.91015625 0.35546875 0.04 0.04
0 0.720703125 0.3203125 0.04 0.04
0 0.787109375 0.318359375 0.04 0.04
0 0.99609375 0.314453125 0.04 0.04
0 0.560546875 0.279296875 0.04 0.04
0 0.6171875 0.236328125 0.04 0.04
0 0.24609375 0.232421875 0.04 0.04
0 0.748046875 0.16796875 0.04 0.04
0 0.09765625 0.0703125 0.04 0.04
0 0.67578125 0.06640625 0.04 0.04
0 0.8359375 0.03515625 0.04 0.04
