0 0.7890625 0.62890625 0.04 0.04
0 0.890625 0.548828125 0.04 0.04
0 0.458984375 0.447265625 0.04 0.04
0 0.482421875 0.408203125 0.04 0.04
0 0.865234375 0.390625 0.04 0.04
0 0.9140625 0.353515625 0.04 0.04
0 0.525390625 0.32421875 0.04 0.04
0 0.736328125 0.3203125 0.04 0.04
0 0.845703125 0.3125 0.04 0.04
0 0.5078125 0.271484375 0.04 0.04
0 0.4921875 0.158203125 0.04 0.04
0 0.546875 0.123046875 0.04 0.04
0 0.169921875 0.083984375 0.04 0.04
0 0.095703125 0.03515625 0.04 0.04
0 0.419921875 0.029296875 0.04 0.04
0 0.375 0.009765625 0.04 0.04
