0 0.478515625 0.982421875 0.04 0.04
0 0.611328125 0.978515625 0.04 0.04
0 0.4609375 0.9765625 0.04 0.04
0 0.955078125 0.96484375 0.04 0.04
0 0.23828125 0.9375 0.04 0.04
0 0.88671875 0.921875 0.04 0.04
0 0.607421875 0.88671875 0.04 0.04
0 0.3828125 0.880859375 0.04 0.04
0 0.7265625 0.84375 0.04 0.04
0 0.044921875 0.83203125 0.04 0.04
0 0.251953125 0.80859375 0.04 0.04
0 0.009765625 0.80078125 0.04 0.04
0 0.126953125 0.79296875 0.04 0.04
0 0.33203125 0.76953125 0.04 0.04
0 0.279296875 0.748046875 0.04 0.04
0 0.052734375 0.71484375 0.04 0.04
0 0.060546875 0.693359375 0.04 0.04
