0 0.94140625 0.962890625 0.04 0.04
0 0.748046875 0.841796875 0.04 0.04
0 0.923828125 0.830078125 0.04 0.04
0 0.703125 0.814453125 0.04 0.04
0 0.849609375 0.78125 0.04 0.04
0 0.88671875 0.76953125 0.04 0.04
0 0.578125 0.7421875 0.04 0.04
0 0.568359375 0.705078125 0.04 0.04
0 0.76953125 0.66796875 0.04 0.04
0 0.978515625 0.62890625 0.04 0.04
0 0.427734375 0.625 0.04 0.04
0 0.470703125 0.60546875 0.04 0.04
0 0.396484375 0.603515625 0.04 0.04
0 0.625 0.580078125 0.04 0.04
0 0.732421875 0.54296875 0.04 0.04
0 0.29296875 0.5390625 0.04 0.04
0 0.43359375 0.498046875 0.04 0.04
0 0.36328125 0.494140625 0.04 0.04
0 0.3125 0.48828125 0.04 0.04
0 0.197265625 0.47265625 0.04 0.04
0 0.841796875 0.43359375 0.04 0.04
0 0.43359375 0.43359375 0.04 0.04
0 0.2578125 0.41015625 0.04 0.04
0 0.3984375 0.37109375 0.04 0.04
0 0.296875 0.349609375 0.04 0.04
0 0.390625 0.33203125 0.04 0.04
0 0.19140625 0.3046875 0.04 0.04
0 0.900390625 0.298828125 0.04 0.04
0 0.451171875 0.279296875 0.04 0.04
0 0.94921875 0.2734375 0.04 0.04
0 0.99609375 0.259765625 0.04 0.04
0 0.376953125 0.23828125 0.04 0.04
0 0.83984375 0.224609375 0.04 0.04
0 0.537109375 0.224609375 0.04 0.04
0 0.08203125 0.22265625 0.04 0.04
0 0.06640625 0.212890625 0.04 0.04
0 0.25 0.2109375 0.04 0.04
0 0.5078125 0.19140625 0.04 0.04
0 0.728515625 0.171875 0.04 0.04
0 0.076171875 0.138671875 0.04 0.04
0 0.638671875 0.123046875 0.04 0.04
0 0.205078125 0.095703125 0.04 0.04
0 0.58203125 0.087890625 0.04 0.04
0 0.796875 0.078125 0.04 0.04
0 0.80859375 0.060546875 0.04 0.04
0 0.48046875 0.060546875 0.04 0.04
0 0.3984375 0.041015625 0.04 0.04
0 0.818359375 0.029296875 0.04 0.04
