0 0.982421875 0.8828125 0.04 0.04
0 0.509765625 0.833984375 0.04 0.04
0 0.45703125 0.728515625 0.04 0.04
0 0.443359375 0.66015625 0.04 0.04
0 0.6640625 0.546875 0.04 0.04
0 0.884765625 0.521484375 0.04 0.04
0 0.4921875 0.404296875 0.04 0.04
0 0.306640625 0.3203125 0.04 0.04
0 0.951171875 0.30859375 0.04 0.04
0 0.27734375 0.251953125 0.04 0.04
0 0.87890625 0.2265625 0.04 0.04
0 0.203125 0.2265625 0.04 0.04
0 0.599609375 0.2109375 0.04 0.04
0 0.3046875 0.17578125 0.04 0.04
0 0.68359375 0.173828125 0.04 0.04
0 0.21875 0.091796875 0.04 0.04
0 0.46875 0.001953125 0.04 0.04
