0 0.1171875 0.958984375 0.04 0.04
0 0.3828125 0.953125 0.04 0.04
0 0.146484375 0.8984375 0.04 0.04
0 0.912109375 0.890625 0.04 0.04
0 0.521484375 0.890625 0.04 0.04
0 0.380859375 0.876953125 0.04 0.04
0 0.576171875 0.873046875 0.04 0.04
0 0.615234375 0.853515625 0.04 0.04
0 0.5078125 0.8515625 0.04 0.04
0 0.4921875 0.78515625 0.04 0.04
0 0.884765625 0.765625 0.04 0.04
0 0.06640625 0.75 0.04 0.04
0 0.169921875 0.71875 0.04 0.04
0 0.115234375 0.7109375 0.04 0.04
0 0.5625 0.708984375 0.04 0.04
0 0.017578125 0.66796875 0.04 0.04
0 0.384765625 0.66015625 0.04 0.04
0 0.552734375 0.638671875 0.04 0.04
0 0.234375 0.544921875 0.04 0.04
0 0.845703125 0.537109375 0.04 0.04
0 0.203125 0.517578125 0.04 0.04
0 0.091796875 0.482421875 0.04 0.04
0 0.01953125 0.470703125 0.04 0.04
0 0.17578125 0.404296875 0.04 0.04
0 0.048828125 0.392578125 0.04 0.04
0 0.0 0.345703125 0.04 0.04
0 0.203125 0.296875 0.04 0.04
0 0.25390625 0.181640625 0.04 0.04
0 0.38671875 0.001953125 0.04 0.04
