0 0.193359375 0.94140625 0.04 0.04
0 0.4375 0.9375 0.04 0.04
0 0.005859375 0.9140625 0.04 0.04
0 0.31640625 0.908203125 0.04 0.04
0 0.439453125 0.87890625 0.04 0.04
0 0.0 0.87890625 0.04 0.04
0 0.126953125 0.810546875 0.04 0.04
0 0.412109375 0.8046875 0.04 0.04
0 0.068359375 0.751953125 0.04 0.04
0 0.0 0.751953125 0.04 0.04
0 0.216796875 0.693359375 0.04 0.04
0 0.416015625 0.6796875 0.04 0.04
0 0.65234375 0.66796875 0.04 0.04
0 0.599609375 0.65234375 0.04 0.04
0 0.087890625 0.533203125 0.04 0.04
0 0.263671875 0.490234375 0.04 0.04
0 0.30078125 0.4453125 0.04 0.04
0 0.634765625 0.427734375 0.04 0.04
0 0.73046875 0.421875 0.04 0.04
0 0.462890625 0.39453125 0.04 0.04
0 0.134765625 0.388671875 0.04 0.04
0 0.0 0.35546875 0.04 0.04
0 0.4296875 0.328125 0.04 0.04
0 0.80859375 0.26171875 0.04 0.04
0 0.146484375 0.259765625 0.04 0.04
0 0.5859375 0.1328125 0.04 0.04
0 0.4296875 0.08203125 0.04 0.04
0 0.462890625 0.0625 0.04 0.04
0 0.208984375 0.044921875 0.04 0.04
0 0.25390625 0.0 0.04 0.04
