0 0.275390625 0.9765625 0.04 0.04
0 0.08984375 0.859375 0.04 0.04
0 0.955078125 0.837890625 0.04 0.04
0 0.06640625 0.796875 0.04 0.04
0 0.16015625 0.73046875 0.04 0.04
0 0.904296875 0.625 0.04 0.04
0 0.46875 0.49609375 0.04 0.04
0 0.189453125 0.49609375 0.04 0.04
0 0.890625 0.453125 0.04 0.04
0 0.310546875 0.447265625 0.04 0.04
0 0.025390625 0.416015625 0.04 0.04
0 0.62109375 0.388671875 0.04 0.04
0 0.087890625 0.37109375 0.04 0.04
0 0.537109375 0.326171875 0.04 0.04
0 0.265625 0.326171875 0.04 0.04
0 0.34375 0.32421875 0.04 0.04
0 0.75390625 0.28125 0.04 0.04
0 0.70703125 0.259765625 0.04 0.04
0 0.62109375 0.2578125 0.04 0.04
0 0.521484375 0.25390625 0.04 0.04
0 0.357421875 0.205078125 0.04 0.04
0 0.57421875 0.189453125 0.04 0.04
