0 0.28515625 0.96875 0.04 0.04
0 0.08203125 0.955078125 0.04 0.04
0 0.98828125 0.94140625 0.04 0.04
0 0.19140625 0.9375 0.04 0.04
0 0.39453125 0.927734375 0.04 0.04
0 0.2265625 0.859375 0.04 0.04
0 0.0234375 0.8515625 0.04 0.04
0 0.41796875 0.845703125 0.04 0.04
0 0.865234375 0.787109375 0.04 0.04
0 0.353515625 0.724609375 0.04 0.04
0 0.30859375 0.720703125 0.04 0.04
0 0.197265625 0.716796875 0.04 0.04
0 0.234375 0.673828125 0.04 0.04
0 0.09765625 0.484375 0.04 0.04
0 0.189453125 0.46875 0.04 0.04
0 0.0 0.44140625 0.04 0.04
0 0.208984375 0.404296875 0.04 0.04
0 0.29296875 0.400390625 0.04 0.04
0 0.072265625 0.341796875 0.04 0.04
0 0.056640625 0.228515625 0.04 0.04
0 0.44140625 0.18359375 0.04 0.04
0 0.365234375 0.181640625 0.04 0.04
0 0.0 0.181640625 0.04 0.04
0 0.0 0.16015625 0.04 0.04
0 0.197265625 0.134765625 0.04 0.04
0 0.228515625 0.083984375 0.04 0.04
