0 0.6875 0.982421875 0.04 0.04
0 0.44921875 0.978515625 0.04 0.04
0 0.8359375 0.96875 0.04 0.04
0 0.607421875 0.91796875 0.04 0.04
0 0.75 0.89453125 0.04 0.04
0 0.53125 0.88671875 0.04 0.04
0 0.90625 0.83984375 0.04 0.04
0 0.5625 0.8125 0.04 0.04
0 0.63671875 0.734375 0.04 0.04
0 0.80859375 0.671875 0.04 0.04
0 0.611328125 0.6640625 0.04 0.04
0 0.9296875 0.62109375 0.04 0.04
0 0.517578125 0.6171875 0.04 0.04
0 0.58203125 0.578125 0.04 0.04
0 0.513671875 0.5078125 0.04 0.04
0 0.39453125 0.505859375 0.04 0.04
0 0.25 0.447265625 0.04 0.04
0 0.34765625 0.44140625 0.04 0.04
0 0.751953125 0.423828125 0.04 0.04
0 0.69921875 0.3828125 0.04 0.04
0 0.548828125 0.357421875 0.04 0.04
0 0.998046875 0.34765625 0.04 0.04
0 0.10546875 0.341796875 0.04 0.04
0 0.265625 0.3203125 0.04 0.04
0 0.166015625 0.318359375 0.04 0.04
0 0.376953125 0.306640625 0.04 0.04
0 0.884765625 0.296875 0.04 0.04
0 0.20703125 0.29296875 0.04 0.04
0 0.076171875 0.29296875 0.04 0.04
0 0.48046875 0.271484375 0.04 0.04
0 0.8671875 0.26953125 0.04 0.04
0 0.73046875 0.263671875 0.04 0.04
0 0.337890625 0.244140625 0.04 0.04
0 0.22265625 0.244140625 0.04 0.04
0 0.55078125 0.2265625 0.04 0.04
0 0.744140625 0.208984375 0.04 0.04
0 0.294921875 0.197265625 0.04 0.04
0 0.8046875 0.185546875 0.04 0.04
0 0.580078125 0.1484375 0.04 0.04
0 0.13671875 0.138671875 0.04 0.04
0 0.185546875 0.11328125 0.04 0.04
0 0.333984375 0.0859375 0.04 0.04
0 0.07421875 0.0703125 0.04 0.04
0 0.015625 0.013671875 0.04 0.04
