0 0.0703125 0.931640625 0.04 0.04
0 0.357421875 0.875 0.04 0.04
0 0.8046875 0.86328125 0.04 0.04
0 0.0 0.853515625 0.04 0.04
0 0.564453125 0.724609375 0.04 0.04
0 0.123046875 0.634765625 0.04 0.04
0 0.603515625 0.630859375 0.04 0.04
0 0.103515625 0.50390625 0.04 0.04
0 0.78125 0.392578125 0.04 0.04
0 0.251953125 0.38671875 0.04 0.04
0 0.064453125 0.271484375 0.04 0.04
0 0.634765625 0.20703125 0.04 0.04
0 0.12109375 0.16796875 0.04 0.04
0 0.0390625 0.107421875 0.04 0.04
0 0.64453125 0.0859375 0.04 0.04
0 0.470703125 0.072265625 0.04 0.04
0 0.283203125 0.0078125 0.04 0.04
