0 0.41015625 0.955078125 0.04 0.04
0 0.291015625 0.900390625 0.04 0.04
0 0.7890625 0.849609375 0.04 0.04
0 0.55859375 0.84375 0.04 0.04
0 0.044921875 0.822265625 0.04 0.04
0 0.978515625 0.4765625 0.04 0.04
0 0.892578125 0.44140625 0.04 0.04
0 0.82421875 0.400390625 0.04 0.04
0 0.830078125 0.34375 0.04 0.04
0 0.189453125 0.341796875 0.04 0.04
0 0.259765625 0.265625 0.04 0.04
0 0.54296875 0.25390625 0.04 0.04
0 0.232421875 0.189453125 0.04 0.04
0 0.56640625 0.087890625 0.04 0.04
0 0.66015625 0.083984375 0.04 0.04
