0 0.88671875 0.9375 0.04 0.04
0 0.962890625 0.927734375 0.04 0.04
0 0.3515625 0.83203125 0.04 0.04
0 0.96484375 0.814453125 0.04 0.04
0 0.4375 0.78125 0.04 0.04
0 0.890625 0.75 0.04 0.04
0 0.533203125 0.712890625 0.04 0.04
0 0.685546875 0.6875 0.04 0.04
0 0.9375 0.66015625 0.04 0.04
0 0.69140625 0.625 0.04 0.04
0 0.892578125 0.607421875 0.04 0.04
0 0.568359375 0.5546875 0.04 0.04
0 0.244140625 0.505859375 0.04 0.04
0 0.470703125 0.494140625 0.04 0.04
0 0.4140625 0.4921875 0.04 0.04
0 0.62109375 0.490234375 0.04 0.04
0 0.107421875 0.458984375 0.04 0.04
0 0.609375 0.447265625 0.04 0.04
0 0.03515625 0.34765625 0.04 0.04
