0 0.798828125 0.927734375 0.04 0.04
0 0.97265625 0.830078125 0.04 0.04
0 0.984375 0.80078125 0.04 0.04
0 0.654296875 0.759765625 0.04 0.04
0 0.3671875 0.744140625 0.04 0.04
0 0.251953125 0.744140625 0.04 0.04
0 0.716796875 0.73828125 0.04 0.04
0 0.953125 0.724609375 0.04 0.04
0 0.89453125 0.71875 0.04 0.04
0 0.21484375 0.6953125 0.04 0.04
0 0.75390625 0.689453125 0.04 0.04
0 0.83984375 0.681640625 0.04 0.04
0 0.0 0.66796875 0.04 0.04
0 0.6640625 0.642578125 0.04 0.04
0 0.046875 0.638671875 0.04 0.04
0 0.798828125 0.603515625 0.04 0.04
0 0.978515625 0.599609375 0.04 0.04
0 0.38671875 0.578125 0.04 0.04
0 0.654296875 0.55078125 0.04 0.04
0 0.35546875 0.462890625 0.04 0.04
0 0.109375 0.451171875 0.04 0.04
0 0.015625 0.435546875 0.04 0.04
0 0.650390625 0.390625 0.04 0.04
0 0.75390625 0.35546875 0.04 0.04
0 0.62109375 0.298828125 0.04 0.04
0 0.470703125 0.267578125 0.04 0.04
0 0.65625 0.2578125 0.04 0.04
0 0.58984375 0.25 0.04 0.04
0 0.095703125 0.2421875 0.04 0.04
0 0.076171875 0.232421875 0.04 0.04
0 0.412109375 0.208984375 0.04 0.04
0 0.5859375 0.205078125 0.04 0.04
0 0.5078125 0.205078125 0.04 0.04
0 0.705078125 0.15625 0.04 0.04
0 0.26171875 0.146484375 0.04 0.04
0 0.595703125 0.14453125 0.04 0.04
0 0.533203125 0.14453125 0.04 0.04
0 0.3984375 0.140625 0.04 0.04
0 0.208984375 0.060546875 0.04 0.04
0 0.271484375 0.0390625 0.04 0.04
0 0.939453125 0.03515625 0.04 0.04
0 0.4375 0.033203125 0.04 0.04
0 0.783203125 0.009765625 0.04 0.04
