0 0.248046875 0.91796875 0.04 0.04
0 0.103515625 0.85546875 0.04 0.04
0 0.3203125 0.8515625 0.04 0.04
0 0.173828125 0.841796875 0.04 0.04
0 0.443359375 0.794921875 0.04 0.04
0 0.306640625 0.705078125 0.04 0.04
0 0.236328125 0.693359375 0.04 0.04
0 0.33203125 0.66796875 0.04 0.04
0 0.478515625 0.580078125 0.04 0.04
0 0.44140625 0.5703125 0.04 0.04
0 0.322265625 0.5390625 0.04 0.04
0 0.22265625 0.51953125 0.04 0.04
0 0.365234375 0.3671875 0.04 0.04
0 0.158203125 0.328125 0.04 0.04
0 0.580078125 0.30859375 0.04 0.04
0 0.46875 0.27734375 0.04 0.04
0 0.490234375 0.244140625 0.04 0.04
0 0.771484375 0.08203125 0.04 0.04
0 0.513671875 0.025390625 0.04 0.04
