0 0.890625 0.8984375 0.04 0.04
0 0.39453125 0.7109375 0.04 0.04
0 0.130859375 0.666015625 0.04 0.04
0 0.880859375 0.587890625 0.04 0.04
0 0.82421875 0.576171875 0.04 0.04
0 0.181640625 0.505859375 0.04 0.04
0 0.3359375 0.435546875 0.04 0.04
0 0.505859375 0.42578125 0.04 0.04
0 0.66796875 0.310546875 0.04 0.04
0 0.875 0.267578125 0.04 0.04
0 0.736328125 0.103515625 0.04 0.04
0 0.0 0.080078125 0.04 0.04
0 0.888671875 0.0390625 0.04 0.04
0 0.6796875 0.013671875 0.04 0.04
0 0.09765625 0.001953125 0.04 0.04
