0 0.44140625 0.96875 0.04 0.04
0 0.48046875 0.966796875 0.04 0.04
0 0.01171875 0.89453125 0.04 0.04
0 0.6640625 0.880859375 0.04 0.04
0 0.974609375 0.845703125 0.04 0.04
0 0.134765625 0.8046875 0.04 0.04
0 0.6953125 0.720703125 0.04 0.04
0 0.361328125 0.6875 0.04 0.04
0 0.482421875 0.62890625 0.04 0.04
0 0.07421875 0.5859375 0.04 0.04
0 0.640625 0.53125 0.04 0.04
0 0.251953125 0.501953125 0.04 0.04
0 0.193359375 0.4375 0.04 0.04
0 0.44140625 0.42578125 0.04 0.04
0 0.65234375 0.384765625 0.04 0.04
0 0.30078125 0.275390625 0.04 0.04
0 0.697265625 0.212890625 0.04 0.04
0 0.109375 0.197265625 0.04 0.04
0 0.466796875 0.158203125 0.04 0.04
0 0.5390625 0.109375 0.04 0.04
