0 0.0546875 0.921875 0.04 0.04
0 0.2890625 0.814453125 0.04 0.04
0 0.345703125 0.76171875 0.04 0.04
0 0.177734375 0.73046875 0.04 0.04
0 0.626953125 0.671875 0.04 0.04
0 0.326171875 0.63671875 0.04 0.04
0 0.232421875 0.603515625 0.04 0.04
0 0.1171875 0.568359375 0.04 0.04
0 0.099609375 0.55078125 0.04 0.04
0 0.478515625 0.501953125 0.04 0.04
0 0.216796875 0.49609375 0.04 0.04
0 0.701171875 0.482421875 0.04 0.04
0 0.68359375 0.375 0.04 0.04
0 0.998046875 0.3515625 0.04 0.04
0 0.8828125 0.328125 0.04 0.04
0 0.515625 0.322265625 0.04 0.04
0 0.58203125 0.306640625 0.04 0.04
0 0.42578125 0.30078125 0.04 0.04
0 0.462890625 0.265625 0.04 0.04
0 0.42578125 0.24609375 0.04 0.04
0 0.806640625 0.177734375 0.04 0.04
0 0.916015625 0.158203125 0.04 0.04
0 0.5703125 0.150390625 0.04 0.04
0 0.955078125 0.12890625 0.04 0.04
0 0.787109375 0.125 0.04 0.04
0 0.857421875 0.1015625 0.04 0.04
0 0.78515625 0.0 0.04 0.04
