0 0.21484375 0.998046875 0.04 0.04
0 0.021484375 0.814453125 0.04 0.04
0 0.255859375 0.798828125 0.04 0.04
0 0.859375 0.783203125 0.04 0.04
0 0.73828125 0.77734375 0.04 0.04
0 0.16796875 0.7421875 0.04 0.04
0 0.064453125 0.6953125 0.04 0.04
0 0.833984375 0.58203125 0.04 0.04
0 0.275390625 0.568359375 0.04 0.04
0 0.58984375 0.546875 0.04 0.04
0 0.369140625 0.53125 0.04 0.04
0 0.462890625 0.5 0.04 0.04
0 0.95703125 0.4296875 0.04 0.04
0 0.80859375 0.318359375 0.04 0.04
0 0.779296875 0.298828125 0.04 0.04
0 0.626953125 0.255859375 0.04 0.04
0 0.58984375 0.171875 0.04 0.04
0 0.388671875 0.140625 0.04 0.04
0 0.412109375 0.080078125 0.04 0.04
