0 0.166015625 0.9921875 0.04 0.04
0 0.029296875 0.853515625 0.04 0.04
0 0.65234375 0.681640625 0.04 0.04
0 0.833984375 0.677734375 0.04 0.04
0 0.0 0.587890625 0.04 0.04
0 0.169921875 0.537109375 0.04 0.04
0 0.5 0.513671875 0.04 0.04
0 0.466796875 0.4609375 0.04 0.04
0 0.998046875 0.35546875 0.04 0.04
0 0.21875 0.33984375 0.04 0.04
0 0.8203125 0.302734375 0.04 0.04
0 0.63671875 0.28515625 0.04 0.04
0 0.07421875 0.28515625 0.04 0.04
0 0.462890625 0.279296875 0.04 0.04
0 0.0078125 0.265625 0.04 0.04
0 0.8984375 0.255859375 0.04 0.04
0 0.810546875 0.162109375 0.04 0.04
0 0.7734375 0.0703125 0.04 0.04
0 0.216796875 0.0 0.04 0.04
