0 0.689453125 0.998046875 0.04 0.04
0 0.509765625 0.982421875 0.04 0.04
0 0.76171875 0.974609375 0.04 0.04
0 0.31640625 0.970703125 0.04 0.04
0 0.927734375 0.966796875 0.04 0.04
0 0.58984375 0.962890625 0.04 0.04
0 0.353515625 0.955078125 0.04 0.04
0 0.240234375 0.94921875 0.04 0.04
0 0.568359375 0.9453125 0.04 0.04
0 0.439453125 0.9453125 0.04 0.04
0 0.189453125 0.9453125 0.04 0.04
0 0.623046875 0.9375 0.04 0.04
0 0.47265625 0.9375 0.04 0.04
0 0.791015625 0.927734375 0.04 0.04
0 0.654296875 0.92578125 0.04 0.04
0 0.880859375 0.91015625 0.04 0.04
0 0.435546875 0.908203125 0.04 0.04
0 0.052734375 0.8984375 0.04 0.04
0 0.134765625 0.896484375 0.04 0.04
0 0.50390625 0.89453125 0.04 0.04
0 0.46484375 0.89453125 0.04 0.04
0 0.60546875 0.888671875 0.04 0.04
0 0.96484375 0.884765625 0.04 0.04
0 0.57421875 0.8828125 0.04 0.04
0 0.666015625 0.87109375 0.04 0.04
0 0.712890625 0.84375 0.04 0.04
0 0.546875 0.83984375 0.04 0.04
0 0.845703125 0.833984375 0.04 0.04
0 0.923828125 0.830078125 0.04 0.04
0 0.25390625 0.82421875 0.04 0.04
0 0.625 0.818359375 0.04 0.04
0 0.041015625 0.818359375 0.04 0.04
0 0.162109375 0.80859375 0.04 0.04
0 0.765625 0.806640625 0.04 0.04
0 0.587890625 0.8046875 0.04 0.04
0 0.998046875 0.7890625 0.04 0.04
0 0.7265625 0.7890625 0.04 0.04
0 0.6640625 0.7890625 0.04 0.04
0 0.2109375 0.77734375 0.04 0.04
0 0.140625 0.771484375 0.04 0.04
0 0.75390625 0.76171875 0.04 0.04
0 0.810546875 0.759765625 0.04 0.04
0 0.951171875 0.74609375 0.04 0.04
0 0.712890625 0.740234375 0.04 0.04
0 0.587890625 0.740234375 0.04 0.04
0 0.0 0.73828125 0.04 0.04
0 0.212890625 0.7265625 0.04 0.04
0 0.669921875 0.720703125 0.04 0.04
0 0.10546875 0.71484375 0.04 0.04
0 0.25 0.701171875 0.04 0.04
0 0.443359375 0.6875 0.04 0.04
0 0.087890625 0.6796875 0.04 0.04
0 0.580078125 0.673828125 0.04 0.04
0 0.73828125 0.669921875 0.04 0.04
0 0.0078125 0.666015625 0.04 0.04
0 0.65625 0.66015625 0.04 0.04
0 0.423828125 0.654296875 0.04 0.04
0 0.244140625 0.65234375 0.04 0.04
0 0.08984375 0.6484375 0.04 0.04
0 0.509765625 0.63671875 0.04 0.04
0 0.572265625 0.625 0.04 0.04
0 0.470703125 0.619140625 0.04 0.04
0 0.896484375 0.6171875 0.04 0.04
0 0.625 0.615234375 0.04 0.04
0 0.185546875 0.595703125 0.04 0.04
0 0.298828125 0.59375 0.04 0.04
0 0.50390625 0.587890625 0.04 0.04
0 0.099609375 0.587890625 0.04 0.04
0 0.412109375 0.572265625 0.04 0.04
0 0.466796875 0.556640625 0.04 0.04
0 0.171875 0.5546875 0.04 0.04
0 0.7109375 0.552734375 0.04 0.04
0 0.375 0.544921875 0.04 0.04
0 0.24609375 0.544921875 0.04 0.04
0 0.02734375 0.54296875 0.04 0.04
0 0.27734375 0.541015625 0.04 0.04
0 0.623046875 0.5390625 0.04 0.04
0 0.7890625 0.537109375 0.04 0.04
0 0.80859375 0.529296875 0.04 0.04
0 0.220703125 0.529296875 0.04 0.04
0 0.490234375 0.525390625 0.04 0.04
0 0.701171875 0.51953125 0.04 0.04
0 0.18359375 0.515625 0.04 0.04
0 0.07421875 0.515625 0.04 0.04
0 0.9453125 0.505859375 0.04 0.04
0 0.58984375 0.48046875 0.04 0.04
0 0.353515625 0.48046875 0.04 0.04
0 0.509765625 0.4765625 0.04 0.04
0 0.0703125 0.46875 0.04 0.04
0 0.658203125 0.455078125 0.04 0.04
0 0.24609375 0.44921875 0.04 0.04
0 0.34765625 0.443359375 0.04 0.04
0 0.87109375 0.4375 0.04 0.04
0 0.80078125 0.427734375 0.04 0.04
0 0.41796875 0.42578125 0.04 0.04
0 0.728515625 0.421875 0.04 0.04
0 0.20703125 0.4140625 0.04 0.04
0 0.607421875 0.41015625 0.04 0.04
0 0.255859375 0.40234375 0.04 0.04
0 0.478515625 0.400390625 0.04 0.04
0 0.3125 0.392578125 0.04 0.04
0 0.29296875 0.37890625 0.04 0.04
0 0.0234375 0.376953125 0.04 0.04
0 0.76171875 0.37109375 0.04 0.04
0 0.451171875 0.37109375 0.04 0.04
0 0.18359375 0.3671875 0.04 0.04
0 0.689453125 0.3359375 0.04 0.04
0 0.626953125 0.330078125 0.04 0.04
0 0.49609375 0.3125 0.04 0.04
0 0.01171875 0.310546875 0.04 0.04
0 0.234375 0.3046875 0.04 0.04
0 0.80078125 0.298828125 0.04 0.04
0 0.287109375 0.294921875 0.04 0.04
0 0.3515625 0.29296875 0.04 0.04
0 0.314453125 0.287109375 0.04 0.04
0 0.583984375 0.271484375 0.04 0.04
0 0.060546875 0.26953125 0.04 0.04
0 0.0 0.267578125 0.04 0.04
0 0.44921875 0.248046875 0.04 0.04
0 0.31640625 0.24609375 0.04 0.04
0 0.779296875 0.244140625 0.04 0.04
0 0.09765625 0.234375 0.04 0.04
0 0.208984375 0.2265625 0.04 0.04
0 0.28125 0.21484375 0.04 0.04
0 0.158203125 0.21484375 0.04 0.04
0 0.58203125 0.20703125 0.04 0.04
0 0.021484375 0.201171875 0.04 0.04
0 0.650390625 0.1875 0.04 0.04
0 0.310546875 0.185546875 0.04 0.04
0 0.23828125 0.18359375 0.04 0.04
0 0.091796875 0.18359375 0.04 0.04
0 0.5 0.177734375 0.04 0.04
0 0.4453125 0.177734375 0.04 0.04
0 0.181640625 0.177734375 0.04 0.04
0 0.67578125 0.158203125 0.04 0.04
0 0.0625 0.15234375 0.04 0.04
0 0.73828125 0.140625 0.04 0.04
0 0.58203125 0.13671875 0.04 0.04
0 0.28125 0.13671875 0.04 0.04
0 0.205078125 0.130859375 0.04 0.04
0 0.2421875 0.09375 0.04 0.04
0 0.517578125 0.0859375 0.04 0.04
0 0.59375 0.0546875 0.04 0.04
0 0.166015625 0.04296875 0.04 0.04
0 0.55859375 0.0390625 0.04 0.04
0 0.015625 0.0 0.04 0.04
