0 0.7421875 0.998046875 0.04 0.04
0 0.6875 0.990234375 0.04 0.04
0 0.4296875 0.990234375 0.04 0.04
0 0.240234375 0.986328125 0.04 0.04
0 0.130859375 0.986328125 0.04 0.04
0 0.5234375 0.974609375 0.04 0.04
0 0.3359375 0.974609375 0.04 0.04
0 0.166015625 0.970703125 0.04 0.04
0 0.578125 0.96875 0.04 0.04
0 0.146484375 0.95703125 0.04 0.04
0 0.408203125 0.951171875 0.04 0.04
0 0.193359375 0.94921875 0.04 0.04
0 0.765625 0.9296875 0.04 0.04
0 0.060546875 0.919921875 0.04 0.04
0 0.716796875 0.91015625 0.04 0.04
0 0.36328125 0.8984375 0.04 0.04
0 0.138671875 0.896484375 0.04 0.04
0 0.443359375 0.88671875 0.04 0.04
0 0.234375 0.88671875 0.04 0.04
0 0.08984375 0.869140625 0.04 0.04
0 0.9140625 0.865234375 0.04 0.04
0 0.30078125 0.86328125 0.04 0.04
0 0.640625 0.861328125 0.04 0.04
0 0.04296875 0.859375 0.04 0.04
0 0.171875 0.857421875 0.04 0.04
0 0.244140625 0.84765625 0.04 0.04
0 0.796875 0.837890625 0.04 0.04
0 0.685546875 0.83203125 0.04 0.04
0 0.017578125 0.83203125 0.04 0.04
0 0.06640625 0.822265625 0.04 0.04
0 0.658203125 0.81640625 0.04 0.04
0 0.78125 0.8125 0.04 0.04
0 0.09375 0.79296875 0.04 0.04
0 0.7109375 0.791015625 0.04 0.04
0 0.041015625 0.791015625 0.04 0.04
0 0.44921875 0.78515625 0.04 0.04
0 0.951171875 0.7734375 0.04 0.04
0 0.34765625 0.763671875 0.04 0.04
0 0.44921875 0.7421875 0.04 0.04
0 0.21875 0.73046875 0.04 0.04
0 0.62109375 0.724609375 0.04 0.04
0 0.32421875 0.720703125 0.04 0.04
0 0.02734375 0.720703125 0.04 0.04
0 0.173828125 0.71875 0.04 0.04
0 0.376953125 0.712890625 0.04 0.04
0 0.498046875 0.708984375 0.04 0.04
0 0.82421875 0.70703125 0.04 0.04
0 0.66015625 0.703125 0.04 0.04
0 0.5546875 0.69921875 0.04 0.04
0 0.59375 0.697265625 0.04 0.04
0 0.42578125 0.6953125 0.04 0.04
0 0.0859375 0.69140625 0.04 0.04
0 0.763671875 0.6875 0.04 0.04
0 0.267578125 0.685546875 0.04 0.04
0 0.326171875 0.67578125 0.04 0.04
0 0.126953125 0.67578125 0.04 0.04
0 0.052734375 0.671875 0.04 0.04
0 0.73828125 0.658203125 0.04 0.04
0 0.47265625 0.640625 0.04 0.04
0 0.24609375 0.638671875 0.04 0.04
0 0.416015625 0.630859375 0.04 0.04
0 0.345703125 0.630859375 0.04 0.04
0 0.21875 0.625 0.04 0.04
0 0.107421875 0.62109375 0.04 0.04
0 0.65234375 0.615234375 0.04 0.04
0 0.552734375 0.61328125 0.04 0.04
0 0.283203125 0.61328125 0.04 0.04
0 0.03125 0.60546875 0.04 0.04
0 0.12109375 0.599609375 0.04 0.04
0 0.373046875 0.5859375 0.04 0.04
0 0.064453125 0.58203125 0.04 0.04
0 0.509765625 0.580078125 0.04 0.04
0 0.220703125 0.576171875 0.04 0.04
0 0.615234375 0.560546875 0.04 0.04
0 0.24609375 0.54296875 0.04 0.04
0 0.166015625 0.533203125 0.04 0.04
0 0.37890625 0.525390625 0.04 0.04
0 0.587890625 0.5234375 0.04 0.04
0 0.064453125 0.509765625 0.04 0.04
0 0.220703125 0.5 0.04 0.04
0 0.1796875 0.484375 0.04 0.04
0 0.501953125 0.48046875 0.04 0.04
0 0.962890625 0.45703125 0.04 0.04
0 0.19140625 0.44921875 0.04 0.04
0 0.26171875 0.435546875 0.04 0.04
0 0.63671875 0.4296875 0.04 0.04
0 0.052734375 0.427734375 0.04 0.04
0 0.2109375 0.40625 0.04 0.04
0 0.1796875 0.40234375 0.04 0.04
0 0.509765625 0.39453125 0.04 0.04
0 0.140625 0.375 0.04 0.04
0 0.443359375 0.359375 0.04 0.04
0 0.34375 0.353515625 0.04 0.04
0 0.189453125 0.337890625 0.04 0.04
0 0.06640625 0.310546875 0.04 0.04
0 0.390625 0.302734375 0.04 0.04
0 0.447265625 0.298828125 0.04 0.04
0 0.158203125 0.298828125 0.04 0.04
0 0.5 0.291015625 0.04 0.04
0 0.197265625 0.287109375 0.04 0.04
0 0.33984375 0.28515625 0.04 0.04
0 0.072265625 0.263671875 0.04 0.04
0 0.27734375 0.255859375 0.04 0.04
0 0.4140625 0.2421875 0.04 0.04
0 0.076171875 0.232421875 0.04 0.04
0 0.146484375 0.22265625 0.04 0.04
0 0.232421875 0.21484375 0.04 0.04
0 0.3046875 0.2109375 0.04 0.04
0 0.0859375 0.181640625 0.04 0.04
0 0.216796875 0.1796875 0.04 0.04
0 0.181640625 0.171875 0.04 0.04
0 0.125 0.16015625 0.04 0.04
0 0.400390625 0.14453125 0.04 0.04
0 0.3125 0.14453125 0.04 0.04
0 0.263671875 0.14453125 0.04 0.04
0 0.490234375 0.138671875 0.04 0.04
0 0.076171875 0.123046875 0.04 0.04
0 0.103515625 0.11328125 0.04 0.04
0 0.189453125 0.099609375 0.04 0.04
0 0.158203125 0.080078125 0.04 0.04
0 0.267578125 0.0703125 0.04 0.04
0 0.2109375 0.0234375 0.04 0.04
0 0.11328125 0.015625 0.04 0.04
