0 0.984375 0.787109375 0.04 0.04
0 0.998046875 0.73828125 0.04 0.04
0 0.98828125 0.673828125 0.04 0.04
0 0.830078125 0.611328125 0.04 0.04
0 0.9765625 0.58203125 0.04 0.04
0 0.833984375 0.5390625 0.04 0.04
0 0.23046875 0.52734375 0.04 0.04
0 0.982421875 0.484375 0.04 0.04
0 0.869140625 0.48046875 0.04 0.04
0 0.92578125 0.458984375 0.04 0.04
0 0.98046875 0.4140625 0.04 0.04
0 0.9375 0.384765625 0.04 0.04
0 0.767578125 0.375 0.04 0.04
0 0.892578125 0.373046875 0.04 0.04
0 0.970703125 0.37109375 0.04 0.04
0 0.927734375 0.341796875 0.04 0.04
0 0.80078125 0.314453125 0.04 0.04
0 0.361328125 0.296875 0.04 0.04
0 0.998046875 0.267578125 0.04 0.04
0 0.74609375 0.255859375 0.04 0.04
0 0.8125 0.24609375 0.04 0.04
0 0.841796875 0.203125 0.04 0.04
0 0.84765625 0.1640625 0.04 0.04
0 0.896484375 0.140625 0.04 0.04
0 0.8125 0.140625 0.04 0.04
0 0.75 0.111328125 0.04 0.04
0 0.978515625 0.091796875 0.04 0.04
0 0.93359375 0.029296875 0.04 0.04
0 0.484375 0.02734375 0.04 0.04
