0 0.158203125 0.98046875 0.04 0.04
0 0.21484375 0.966796875 0.04 0.04
0 0.291015625 0.88671875 0.04 0.04
0 0.232421875 0.796875 0.04 0.04
0 0.232421875 0.7890625 0.04 0.04
0 0.1640625 0.748046875 0.04 0.04
0 0.109375 0.65234375 0.04 0.04
0 0.578125 0.482421875 0.04 0.04
0 0.794921875 0.462890625 0.04 0.04
0 0.48046875 0.44921875 0.04 0.04
0 0.1171875 0.30859375 0.04 0.04
0 0.154296875 0.291015625 0.04 0.04
0 0.494140625 0.265625 0.04 0.04
0 0.560546875 0.1796875 0.04 0.04
0 0.48046875 0.1328125 0.04 0.04
0 0.59375 0.0 0.04 0.04
