0 0.796875 0.52734375 0.04 0.04
0 0.90234375 0.4921875 0.04 0.04
0 0.625 0.44140625 0.04 0.04
0 0.892578125 0.427734375 0.04 0.04
0 0.681640625 0.40625 0.04 0.04
0 0.5625 0.400390625 0.04 0.04
0 0.955078125 0.37890625 0.04 0.04
0 0.37109375 0.34765625 0.04 0.04
0 0.65625 0.34375 0.04 0.04
0 0.490234375 0.326171875 0.04 0.04
0 0.6015625 0.29296875 0.04 0.04
0 0.34765625 0.265625 0.04 0.04
0 0.306640625 0.25390625 0.04 0.04
0 0.46484375 0.25 0.04 0.04
0 0.181640625 0.25 0.04 0.04
0 0.458984375 0.212890625 0.04 0.04
0 0.28125 0.177734375 0.04 0.04
0 0.419921875 0.16796875 0.04 0.04
0 0.205078125 0.16796875 0.04 0.04
0 0.11328125 0.146484375 0.04 0.04
0 0.455078125 0.140625 0.04 0.04
0 0.345703125 0.125 0.04 0.04
0 0.234375 0.12109375 0.04 0.04
0 0.203125 0.1171875 0.04 0.04
0 0.150390625 0.09765625 0.04 0.04
0 0.3046875 0.091796875 0.04 0.04
0 0.546875 0.080078125 0.04 0.04
0 0.61328125 0.076171875 0.04 0.04
0 0.353515625 0.0546875 0.04 0.04
0 0.248046875 0.04296875 0.04 0.04
0 0.1953125 0.041015625 0.04 0.04
0 0.130859375 0.00390625 0.04 0.04
0 0.4453125 0.0 0.04 0.04
