0 0.4453125 0.998046875 0.04 0.04
0 0.130859375 0.998046875 0.04 0.04
0 0.26171875 0.990234375 0.04 0.04
0 0.08203125 0.984375 0.04 0.04
0 0.6171875 0.96875 0.04 0.04
0 0.025390625 0.94921875 0.04 0.04
0 0.11328125 0.947265625 0.04 0.04
0 0.216796875 0.9453125 0.04 0.04
0 0.35546875 0.923828125 0.04 0.04
0 0.068359375 0.89453125 0.04 0.04
0 0.134765625 0.880859375 0.04 0.04
0 0.197265625 0.87109375 0.04 0.04
0 0.517578125 0.869140625 0.04 0.04
0 0.345703125 0.845703125 0.04 0.04
0 0.03515625 0.783203125 0.04 0.04
0 0.2421875 0.771484375 0.04 0.04
0 0.109375 0.75390625 0.04 0.04
0 0.0 0.744140625 0.04 0.04
0 0.35546875 0.701171875 0.04 0.04
0 0.5625 0.69921875 0.04 0.04
0 0.224609375 0.65234375 0.04 0.04
0 0.216796875 0.5625 0.04 0.04
0 0.1171875 0.552734375 0.04 0.04
0 0.06640625 0.501953125 0.04 0.04
0 0.1875 0.484375 0.04 0.04
0 0.095703125 0.435546875 0.04 0.04
0 0.18359375 0.341796875 0.04 0.04
0 0.0 0.318359375 0.04 0.04
0 0.1875 0.298828125 0.04 0.04
0 0.2578125 0.296875 0.04 0.04
0 0.0625 0.271484375 0.04 0.04
0 0.0 0.177734375 0.04 0.04
0 0.068359375 0.099609375 0.04 0.04
0 0.0 0.08984375 0.04 0.04
