0 0.935546875 0.904296875 0.04 0.04
0 0.890625 0.806640625 0.04 0.04
0 0.970703125 0.8046875 0.04 0.04
0 0.8828125 0.744140625 0.04 0.04
0 0.998046875 0.7421875 0.04 0.04
0 0.65234375 0.73046875 0.04 0.04
0 0.95703125 0.677734375 0.04 0.04
0 0.80859375 0.673828125 0.04 0.04
0 0.873046875 0.64453125 0.04 0.04
0 0.7109375 0.611328125 0.04 0.04
0 0.76171875 0.59765625 0.04 0.04
0 0.859375 0.576171875 0.04 0.04
0 0.970703125 0.55859375 0.04 0.04
0 0.677734375 0.50390625 0.04 0.04
0 0.6484375 0.484375 0.04 0.04
0 0.935546875 0.4765625 0.04 0.04
0 0.552734375 0.4609375 0.04 0.04
0 0.76953125 0.45703125 0.04 0.04
0 0.826171875 0.451171875 0.04 0.04
0 0.701171875 0.447265625 0.04 0.04
0 0.576171875 0.376953125 0.04 0.04
0 0.796875 0.373046875 0.04 0.04
0 0.90234375 0.37109375 0.04 0.04
0 0.861328125 0.34765625 0.04 0.04
0 0.587890625 0.345703125 0.04 0.04
0 0.724609375 0.33984375 0.04 0.04
0 0.529296875 0.33984375 0.04 0.04
0 0.998046875 0.318359375 0.04 0.04
0 0.92578125 0.30078125 0.04 0.04
0 0.60546875 0.29296875 0.04 0.04
0 0.689453125 0.291015625 0.04 0.04
0 0.75390625 0.275390625 0.04 0.04
0 0.51953125 0.2734375 0.04 0.04
0 0.642578125 0.26171875 0.04 0.04
0 0.466796875 0.23828125 0.04 0.04
0 0.787109375 0.21875 0.04 0.04
0 0.83984375 0.2109375 0.04 0.04
0 0.701171875 0.201171875 0.04 0.04
0 0.75390625 0.19921875 0.04 0.04
0 0.427734375 0.197265625 0.04 0.04
0 0.998046875 0.177734375 0.04 0.04
0 0.927734375 0.169921875 0.04 0.04
0 0.6640625 0.15625 0.04 0.04
0 0.541015625 0.15625 0.04 0.04
0 0.4453125 0.15625 0.04 0.04
0 0.513671875 0.150390625 0.04 0.04
0 0.814453125 0.1328125 0.04 0.04
0 0.7265625 0.123046875 0.04 0.04
0 0.66015625 0.1171875 0.04 0.04
0 0.873046875 0.115234375 0.04 0.04
0 0.03515625 0.115234375 0.04 0.04
0 0.998046875 0.08984375 0.04 0.04
0 0.5859375 0.0859375 0.04 0.04
0 0.390625 0.08203125 0.04 0.04
0 0.748046875 0.068359375 0.04 0.04
0 0.642578125 0.068359375 0.04 0.04
0 0.513671875 0.05078125 0.04 0.04
0 0.7578125 0.037109375 0.04 0.04
0 0.296875 0.03125 0.04 0.04
0 0.45703125 0.005859375 0.04 0.04
0 0.689453125 0.0 0.04 0.04
