0 0.015625 0.998046875 0.04 0.04
0 0.169921875 0.9765625 0.04 0.04
0 0.486328125 0.958984375 0.04 0.04
0 0.32421875 0.953125 0.04 0.04
0 0.263671875 0.927734375 0.04 0.04
0 0.470703125 0.919921875 0.04 0.04
0 0.015625 0.919921875 0.04 0.04
0 0.65234375 0.916015625 0.04 0.04
0 0.2109375 0.890625 0.04 0.04
0 0.328125 0.884765625 0.04 0.04
0 0.25 0.849609375 0.04 0.04
0 0.232421875 0.8046875 0.04 0.04
0 0.2890625 0.783203125 0.04 0.04
0 0.6484375 0.77734375 0.04 0.04
0 0.16796875 0.7734375 0.04 0.04
0 0.33203125 0.763671875 0.04 0.04
0 0.248046875 0.732421875 0.04 0.04
0 0.189453125 0.724609375 0.04 0.04
0 0.119140625 0.724609375 0.04 0.04
0 0.369140625 0.67578125 0.04 0.04
0 0.29296875 0.671875 0.04 0.04
0 0.4296875 0.666015625 0.04 0.04
0 0.228515625 0.666015625 0.04 0.04
0 0.373046875 0.591796875 0.04 0.04
0 0.26171875 0.591796875 0.04 0.04
0 0.142578125 0.57421875 0.04 0.04
0 0.28515625 0.556640625 0.04 0.04
0 0.34765625 0.552734375 0.04 0.04
0 0.423828125 0.541015625 0.04 0.04
0 0.23828125 0.541015625 0.04 0.04
0 0.337890625 0.494140625 0.04 0.04
0 0.13671875 0.486328125 0.04 0.04
0 0.162109375 0.40234375 0.04 0.04
0 0.08984375 0.365234375 0.04 0.04
0 0.23828125 0.333984375 0.04 0.04
0 0.326171875 0.32421875 0.04 0.04
0 0.2890625 0.31640625 0.04 0.04
0 0.162109375 0.29296875 0.04 0.04
0 0.240234375 0.25390625 0.04 0.04
0 0.01171875 0.248046875 0.04 0.04
0 0.119140625 0.228515625 0.04 0.04
0 0.044921875 0.21875 0.04 0.04
0 0.4765625 0.142578125 0.04 0.04
0 0.177734375 0.115234375 0.04 0.04
0 0.10546875 0.0 0.04 0.04
