0 0.74609375 0.96484375 0.04 0.04
0 0.673828125 0.857421875 0.04 0.04
0 0.951171875 0.82421875 0.04 0.04
0 0.611328125 0.740234375 0.04 0.04
0 0.826171875 0.716796875 0.04 0.04
0 0.9375 0.70703125 0.04 0.04
0 0.642578125 0.638671875 0.04 0.04
0 0.7734375 0.630859375 0.04 0.04
0 0.494140625 0.443359375 0.04 0.04
0 0.94921875 0.44140625 0.04 0.04
0 0.373046875 0.423828125 0.04 0.04
0 0.802734375 0.390625 0.04 0.04
0 0.2890625 0.36328125 0.04 0.04
0 0.525390625 0.337890625 0.04 0.04
0 0.6796875 0.306640625 0.04 0.04
0 0.24609375 0.267578125 0.04 0.04
0 0.345703125 0.1875 0.04 0.04
