0 0.568359375 0.986328125 0.04 0.04
0 0.443359375 0.8125 0.04 0.04
0 0.41015625 0.791015625 0.04 0.04
0 0.392578125 0.7421875 0.04 0.04
0 0.458984375 0.71484375 0.04 0.04
0 0.515625 0.697265625 0.04 0.04
0 0.56640625 0.66015625 0.04 0.04
0 0.587890625 0.650390625 0.04 0.04
0 0.703125 0.6484375 0.04 0.04
0 0.275390625 0.640625 0.04 0.04
0 0.783203125 0.62890625 0.04 0.04
0 0.341796875 0.625 0.04 0.04
0 0.138671875 0.607421875 0.04 0.04
0 0.544921875 0.591796875 0.04 0.04
0 0.869140625 0.58203125 0.04 0.04
0 0.052734375 0.564453125 0.04 0.04
0 0.3203125 0.525390625 0.04 0.04
0 0.22265625 0.525390625 0.04 0.04
0 0.822265625 0.4921875 0.04 0.04
0 0.255859375 0.482421875 0.04 0.04
0 0.478515625 0.47265625 0.04 0.04
0 0.60546875 0.4609375 0.04 0.04
0 0.0859375 0.455078125 0.04 0.04
0 0.3203125 0.435546875 0.04 0.04
0 0.7890625 0.4296875 0.04 0.04
0 0.626953125 0.427734375 0.04 0.04
0 0.490234375 0.412109375 0.04 0.04
0 0.181640625 0.41015625 0.04 0.04
0 0.16015625 0.40234375 0.04 0.04
0 0.28515625 0.396484375 0.04 0.04
0 0.435546875 0.39453125 0.04 0.04
0 0.6328125 0.3515625 0.04 0.04
0 0.0 0.330078125 0.04 0.04
0 0.87890625 0.314453125 0.04 0.04
0 0.91796875 0.298828125 0.04 0.04
0 0.974609375 0.279296875 0.04 0.04
0 0.453125 0.27734375 0.04 0.04
0 0.87890625 0.255859375 0.04 0.04
0 0.806640625 0.251953125 0.04 0.04
0 0.037109375 0.140625 0.04 0.04
0 0.587890625 0.11328125 0.04 0.04
