0 0.67578125 0.80078125 0.04 0.04
0 0.431640625 0.7578125 0.04 0.04
0 0.71484375 0.7421875 0.04 0.04
0 0.3671875 0.68359375 0.04 0.04
0 0.623046875 0.669921875 0.04 0.04
0 0.21484375 0.66015625 0.04 0.04
0 0.021484375 0.640625 0.04 0.04
0 0.54296875 0.595703125 0.04 0.04
0 0.818359375 0.52734375 0.04 0.04
0 0.720703125 0.525390625 0.04 0.04
0 0.95703125 0.521484375 0.04 0.04
0 0.2890625 0.50390625 0.04 0.04
0 0.091796875 0.490234375 0.04 0.04
0 0.873046875 0.451171875 0.04 0.04
0 0.43359375 0.439453125 0.04 0.04
0 0.982421875 0.419921875 0.04 0.04
0 0.14453125 0.412109375 0.04 0.04
0 0.65234375 0.41015625 0.04 0.04
0 0.134765625 0.35546875 0.04 0.04
0 0.896484375 0.3515625 0.04 0.04
0 0.0625 0.3203125 0.04 0.04
0 0.3984375 0.28125 0.04 0.04
0 0.505859375 0.255859375 0.04 0.04
0 0.42578125 0.22265625 0.04 0.04
0 0.3359375 0.18359375 0.04 0.04
0 0.396484375 0.17578125 0.04 0.04
0 0.525390625 0.119140625 0.04 0.04
