0 0.099609375 0.794921875 0.04 0.04
0 0.009765625 0.748046875 0.04 0.04
0 0.947265625 0.736328125 0.04 0.04
0 0.8125 0.701171875 0.04 0.04
0 0.16796875 0.6484375 0.04 0.04
0 0.861328125 0.599609375 0.04 0.04
0 0.609375 0.560546875 0.04 0.04
0 0.1171875 0.552734375 0.04 0.04
0 0.736328125 0.55078125 0.04 0.04
0 0.982421875 0.546875 0.04 0.04
0 0.46875 0.515625 0.04 0.04
0 0.240234375 0.505859375 0.04 0.04
0 0.712890625 0.4296875 0.04 0.04
0 0.43359375 0.4296875 0.04 0.04
0 0.81640625 0.412109375 0.04 0.04
0 0.939453125 0.41015625 0.04 0.04
0 0.18359375 0.36328125 0.04 0.04
0 0.326171875 0.349609375 0.04 0.04
0 0.513671875 0.34375 0.04 0.04
0 0.716796875 0.330078125 0.04 0.04
0 0.650390625 0.294921875 0.04 0.04
0 0.099609375 0.2734375 0.04 0.04
0 0.880859375 0.251953125 0.04 0.04
0 0.775390625 0.236328125 0.04 0.04
0 0.2265625 0.234375 0.04 0.04
0 0.140625 0.140625 0.04 0.04
0 0.27734375 0.107421875 0.04 0.04
0 0.3984375 0.091796875 0.04 0.04
0 0.068359375 0.083984375 0.04 0.04
0 0.9296875 0.0703125 0.04 0.04
0 0.708984375 0.05859375 0.04 0.04
