0 0.4765625 0.224609375 0.04 0.04
0 0.126953125 0.2109375 0.04 0.04
0 0.453125 0.185546875 0.04 0.04
0 0.158203125 0.177734375 0.04 0.04
0 0.580078125 0.15234375 0.04 0.04
0 0.119140625 0.146484375 0.04 0.04
0 0.201171875 0.142578125 0.04 0.04
0 0.642578125 0.08984375 0.04 0.04
0 0.236328125 0.08984375 0.04 0.04
0 0.458984375 0.08203125 0.04 0.04
0 0.291015625 0.078125 0.04 0.04
0 0.703125 0.064453125 0.04 0.04
0 0.509765625 0.060546875 0.04 0.04
0 0.64453125 0.03125 0.04 0.04
0 0.421875 0.029296875 0.04 0.04
0 0.46484375 0.01171875 0.04 0.04
