0 0.576171875 0.6875 0.04 0.04
0 0.546875 0.623046875 0.04 0.04
0 0.677734375 0.580078125 0.04 0.04
0 0.185546875 0.556640625 0.04 0.04
0 0.673828125 0.5390625 0.04 0.04
0 0.55078125 0.53515625 0.04 0.04
0 0.4453125 0.5078125 0.04 0.04
0 0.203125 0.48828125 0.04 0.04
0 0.6171875 0.453125 0.04 0.04
0 0.513671875 0.408203125 0.04 0.04
0 0.333984375 0.388671875 0.04 0.04
0 0.388671875 0.384765625 0.04 0.04
0 0.248046875 0.3828125 0.04 0.04
0 0.322265625 0.35546875 0.04 0.04
0 0.25390625 0.333984375 0.04 0.04
0 0.1875 0.326171875 0.04 0.04
