0 0.861328125 0.515625 0.04 0.04
0 0.3125 0.4921875 0.04 0.04
0 0.2578125 0.482421875 0.04 0.04
0 0.26953125 0.41796875 0.04 0.04
0 0.1015625 0.4140625 0.04 0.04
0 0.201171875 0.40625 0.04 0.04
0 0.3515625 0.3984375 0.04 0.04
0 0.3828125 0.369140625 0.04 0.04
0 0.158203125 0.369140625 0.04 0.04
0 0.314453125 0.35546875 0.04 0.04
0 0.41796875 0.345703125 0.04 0.04
0 0.341796875 0.322265625 0.04 0.04
0 0.185546875 0.318359375 0.04 0.04
0 0.44921875 0.314453125 0.04 0.04
0 0.115234375 0.30859375 0.04 0.04
0 0.138671875 0.263671875 0.04 0.04
0 0.025390625 0.26171875 0.04 0.04
0 0.07421875 0.22265625 0.04 0.04
