0 0.130859375 0.708984375 0.04 0.04
0 0.4375 0.681640625 0.04 0.04
0 0.984375 0.671875 0.04 0.04
0 0.51953125 0.671875 0.04 0.04
0 0.21484375 0.658203125 0.04 0.04
0 0.912109375 0.646484375 0.04 0.04
0 0.6171875 0.64453125 0.04 0.04
0 0.392578125 0.638671875 0.04 0.04
0 0.263671875 0.62890625 0.04 0.04
0 0.73046875 0.603515625 0.04 0.04
0 0.90625 0.5703125 0.04 0.04
0 0.779296875 0.5234375 0.04 0.04
0 0.412109375 0.47265625 0.04 0.04
0 0.513671875 0.4375 0.04 0.04
0 0.125 0.373046875 0.04 0.04
0 0.97265625 0.3515625 0.04 0.04
